1 0.338672 0.512500 0.021094 0.047222
13 0.361719 0.494444 0.015625 0.041667
6 0.380078 0.512500 0.008594 0.022222
8 0.380859 0.500694 0.007031 0.029167
13 0.397656 0.490278 0.023438 0.027778
4 0.398828 0.536111 0.042969 0.083333
4 0.457422 0.594444 0.128906 0.194444
13 0.578125 0.491667 0.035937 0.047222
4 0.592969 0.527778 0.076563 0.075000
6 0.598828 0.577083 0.041406 0.076389
8 0.599219 0.551389 0.028125 0.102778
6 0.690625 0.529167 0.028125 0.033333
7 0.690234 0.527083 0.011719 0.056944
7 0.916797 0.511806 0.013281 0.029167
6 0.766797 0.633333 0.069531 0.113889
8 0.769531 0.590972 0.046875 0.154167
4 0.933984 0.590972 0.132031 0.134722
6 0.962109 0.719444 0.075781 0.169444
8 0.979297 0.668750 0.041406 0.256944
1 0.518359 0.527083 0.038281 0.081944
14 0.465625 0.494444 0.017188 0.016667
3 0.153906 0.437500 0.306250 0.872222
13 0.549219 0.504861 0.025000 0.056944
