13 0.443359 0.459028 0.025781 0.040278
14 0.494922 0.451389 0.027344 0.038889
4 0.474609 0.466667 0.044531 0.016667
1 0.426172 0.504861 0.033594 0.076389
8 0.443750 0.480556 0.009375 0.022222
8 0.430469 0.486111 0.010937 0.030556
8 0.421094 0.486111 0.009375 0.025000
6 0.423438 0.534028 0.023438 0.065278
8 0.423047 0.521528 0.024219 0.084722
8 0.387500 0.468750 0.007812 0.009722
8 0.392969 0.470139 0.004687 0.006944
1 0.376563 0.565278 0.064062 0.186111
8 0.273438 0.468750 0.020313 0.023611
1 0.278906 0.686111 0.226562 0.438889
8 0.182422 0.573611 0.053906 0.186111
6 0.154688 0.705556 0.042188 0.138889
6 0.114062 0.861111 0.223438 0.275000
8 0.108594 0.760417 0.209375 0.470833
1 0.497266 0.620833 0.136719 0.305556
7 0.555469 0.478472 0.004687 0.012500
14 0.571094 0.494444 0.010937 0.025000
14 0.562109 0.496528 0.013281 0.026389
7 0.580859 0.488889 0.002344 0.013889
7 0.584766 0.490278 0.007031 0.016667
6 0.637891 0.513194 0.016406 0.023611
8 0.631641 0.497917 0.014844 0.034722
8 0.637891 0.498611 0.016406 0.036111
1 0.683594 0.511111 0.064062 0.072222
7 0.721484 0.507639 0.010156 0.054167
6 0.740625 0.534028 0.034375 0.029167
6 0.754687 0.530556 0.037500 0.050000
6 0.781250 0.540972 0.037500 0.040278
6 0.809375 0.535417 0.035937 0.081944
6 0.820703 0.547222 0.046094 0.075000
6 0.837500 0.561111 0.050000 0.094444
6 0.880078 0.581250 0.033594 0.093056
6 0.600000 0.501389 0.017188 0.025000
8 0.597266 0.484722 0.011719 0.025000
7 0.619531 0.484722 0.012500 0.030556
6 0.781641 0.512500 0.013281 0.027778
14 0.550000 0.470833 0.018750 0.030556
