14 0.433984 0.470139 0.008594 0.012500
4 0.430859 0.476389 0.010156 0.016667
1 0.420312 0.480556 0.009375 0.019444
8 0.426172 0.485417 0.008594 0.018056
6 0.426563 0.493750 0.007812 0.020833
8 0.451562 0.488889 0.007812 0.030556
8 0.445312 0.506944 0.017188 0.061111
6 0.444922 0.520833 0.017969 0.052778
4 0.462500 0.490972 0.020313 0.029167
4 0.490625 0.498611 0.032813 0.050000
4 0.549609 0.500000 0.027344 0.030556
8 0.582422 0.489583 0.008594 0.020833
8 0.630859 0.495139 0.008594 0.015278
8 0.646484 0.495833 0.010156 0.022222
1 0.698438 0.520139 0.040625 0.065278
6 0.728906 0.539583 0.037500 0.065278
8 0.728516 0.522222 0.017969 0.061111
3 0.897656 0.496528 0.204687 0.359722
6 0.376563 0.492361 0.012500 0.031944
4 0.393359 0.487500 0.022656 0.033333
8 0.382031 0.482639 0.006250 0.048611
14 0.393359 0.465972 0.019531 0.020833
4 0.542188 0.489583 0.018750 0.020833
14 0.517188 0.487500 0.006250 0.022222
7 0.524219 0.487500 0.003125 0.019444
7 0.527734 0.488889 0.002344 0.019444
4 0.604688 0.617361 0.173437 0.237500
1 0.212109 0.680556 0.241406 0.416667
