14 0.563542 0.552778 0.020833 0.037037
14 0.538542 0.550926 0.026042 0.025926
14 0.497917 0.557407 0.018750 0.016667
13 0.516667 0.550926 0.021875 0.027778
13 0.625781 0.550000 0.013021 0.024074
14 0.643229 0.543519 0.022917 0.024074
14 0.646615 0.550926 0.017188 0.018519
14 0.664323 0.548611 0.018229 0.015741
1 0.680208 0.546759 0.015625 0.017593
1 0.693490 0.545370 0.014063 0.014815
1 0.704688 0.547222 0.011458 0.024074
4 0.724219 0.583333 0.045312 0.055556
4 0.865885 0.581481 0.072396 0.079630
13 0.593490 0.542130 0.055729 0.084259
8 0.592448 0.566667 0.013021 0.020370
8 0.581771 0.566204 0.010417 0.017593
4 0.626302 0.585648 0.043229 0.065741
4 0.666406 0.624074 0.081771 0.151852
13 0.400000 0.564815 0.022917 0.024074
13 0.423438 0.558796 0.032292 0.043519
1 0.425781 0.580556 0.015104 0.033333
1 0.499479 0.588889 0.025000 0.062963
4 0.412760 0.610648 0.042188 0.078704
13 0.308594 0.568056 0.068229 0.099074
1 0.014583 0.618056 0.028125 0.030556
8 0.263281 0.594444 0.010937 0.022222
4 0.306510 0.638889 0.078646 0.105556
8 0.332031 0.584722 0.007812 0.015741
4 0.380990 0.638426 0.094271 0.121296
4 0.174740 0.784259 0.348438 0.431481
4 0.503125 0.615278 0.027083 0.099074
1 0.539583 0.617593 0.052083 0.127778
4 0.582031 0.661111 0.117188 0.187037
1 0.461458 0.632870 0.070833 0.156481
6 0.704167 0.698148 0.070833 0.168519
8 0.700781 0.644444 0.047396 0.159259
6 0.601823 0.832870 0.120313 0.334259
8 0.598698 0.740741 0.091146 0.338889
4 0.877083 0.787963 0.245833 0.424074
8 0.148958 0.570370 0.018750 0.031481
14 0.067187 0.563889 0.041667 0.022222
8 0.513021 0.574537 0.005208 0.036111
14 0.710677 0.550463 0.014063 0.008333
