3 0.505859 0.460417 0.028906 0.045833
13 0.536328 0.484028 0.025781 0.062500
1 0.592187 0.570833 0.095312 0.191667
4 0.642969 0.544444 0.025000 0.102778
6 0.665234 0.526389 0.027344 0.041667
8 0.665625 0.515972 0.015625 0.054167
6 0.900000 0.547917 0.056250 0.054167
8 0.901172 0.540278 0.025781 0.061111
4 0.756641 0.594444 0.222656 0.258333
4 0.483203 0.622222 0.164844 0.291667
4 0.442578 0.484028 0.017969 0.026389
8 0.440625 0.487500 0.009375 0.033333
4 0.182422 0.506944 0.064844 0.066667
4 0.269531 0.488194 0.067187 0.043056
1 0.147266 0.532639 0.057031 0.118056
4 0.282813 0.519444 0.103125 0.083333
6 0.375000 0.515278 0.023438 0.050000
8 0.367188 0.492361 0.010937 0.048611
6 0.363672 0.522917 0.052344 0.051389
8 0.361328 0.506944 0.022656 0.080556
4 0.292187 0.603472 0.112500 0.195833
6 0.232422 0.703472 0.110156 0.290278
8 0.243359 0.627083 0.069531 0.243056
8 0.217969 0.630556 0.095312 0.247222
1 0.022656 0.875000 0.043750 0.250000
3 0.478906 0.464583 0.014063 0.018056
1 0.478125 0.473611 0.021875 0.013889
14 0.504297 0.472917 0.021094 0.020833
10 0.635938 0.419444 0.010937 0.033333
9 0.324219 0.308333 0.009375 0.022222
