10 0.433333 0.380556 0.041667 0.012963
10 0.515365 0.384259 0.018229 0.018519
14 0.460156 0.408333 0.005729 0.005556
8 0.454427 0.410648 0.002604 0.006481
13 0.445052 0.412037 0.013021 0.014815
3 0.424740 0.416204 0.023438 0.039815
4 0.449479 0.420833 0.017708 0.012037
8 0.436458 0.421296 0.006250 0.011111
8 0.442188 0.423148 0.007292 0.011111
8 0.454688 0.422222 0.008333 0.014815
4 0.463542 0.422222 0.010417 0.005556
4 0.480990 0.419444 0.028646 0.012963
4 0.419010 0.436111 0.018229 0.029630
8 0.417708 0.424537 0.004167 0.006481
8 0.419271 0.431019 0.007292 0.015741
8 0.408333 0.427778 0.006250 0.014815
8 0.416146 0.441204 0.010417 0.030556
4 0.336719 0.435185 0.027604 0.012963
1 0.361198 0.444444 0.025521 0.038889
8 0.350260 0.443519 0.014063 0.035185
6 0.355208 0.454630 0.007292 0.020370
4 0.389062 0.465278 0.062500 0.086111
4 0.265885 0.448611 0.051562 0.060185
1 0.301302 0.434722 0.039062 0.013889
4 0.312500 0.471296 0.109375 0.083333
6 0.150521 0.481019 0.033333 0.052778
8 0.149740 0.469907 0.017188 0.069444
7 0.129167 0.470833 0.009375 0.075000
6 0.106771 0.478704 0.030208 0.066667
8 0.094010 0.447685 0.020313 0.043519
8 0.074479 0.465278 0.011458 0.023148
6 0.108594 0.596296 0.043229 0.114815
8 0.102604 0.550926 0.043750 0.187037
1 0.061979 0.729630 0.122917 0.540741
4 0.442188 0.458333 0.034375 0.070370
4 0.475000 0.456944 0.057292 0.063889
4 0.505990 0.432870 0.009896 0.015741
7 0.222656 0.485648 0.020313 0.073148
6 0.194010 0.556019 0.047396 0.117593
8 0.196615 0.497222 0.040104 0.098148
4 0.289062 0.590278 0.192708 0.254630
1 0.517188 0.421296 0.007292 0.012963
4 0.527865 0.424537 0.009896 0.013889
14 0.550000 0.419907 0.008333 0.015741
6 0.556250 0.431019 0.003125 0.008333
8 0.555990 0.424074 0.003646 0.014815
7 0.567187 0.424537 0.014583 0.028704
7 0.622135 0.431481 0.005729 0.024074
7 0.644271 0.429167 0.006250 0.032407
7 0.684115 0.435648 0.006771 0.037963
7 0.745313 0.446759 0.011458 0.052778
6 0.989583 0.511111 0.020833 0.066667
8 0.994271 0.473611 0.008333 0.056481
6 0.705469 0.609722 0.078646 0.150926
8 0.683073 0.497222 0.040104 0.157407
8 0.704948 0.544907 0.121354 0.247222
4 0.551302 0.638426 0.276562 0.447222
9 0.634635 0.146296 0.027604 0.040741
7 0.305729 0.424537 0.005208 0.008333
7 0.313021 0.422222 0.005208 0.011111
6 0.421615 0.456944 0.005729 0.025000
7 0.511198 0.421296 0.003646 0.012963
