13 0.413672 0.451389 0.019531 0.019444
13 0.444922 0.451389 0.024219 0.013889
1 0.487109 0.485417 0.024219 0.048611
4 0.361328 0.481944 0.017969 0.030556
7 0.359766 0.480556 0.008594 0.030556
14 0.542969 0.465278 0.031250 0.050000
14 0.625781 0.449306 0.028125 0.026389
7 0.708984 0.458333 0.007031 0.013889
7 0.676562 0.457639 0.006250 0.015278
7 0.670312 0.458333 0.006250 0.011111
7 0.666016 0.457639 0.005469 0.009722
4 0.609375 0.470833 0.028125 0.038889
4 0.580469 0.479167 0.043750 0.055556
4 0.653516 0.493750 0.061719 0.073611
1 0.714453 0.490278 0.032031 0.058333
1 0.753125 0.474306 0.045312 0.023611
1 0.685937 0.491667 0.037500 0.052778
4 0.760547 0.510417 0.077344 0.079167
1 0.842187 0.514583 0.076563 0.104167
4 0.958594 0.515278 0.082812 0.133333
6 0.975000 0.568056 0.048438 0.072222
8 0.967187 0.523611 0.029687 0.091667
8 0.984375 0.526389 0.031250 0.100000
1 0.387109 0.525000 0.042969 0.122222
1 0.434375 0.593056 0.120313 0.272222
10 0.226172 0.387500 0.017969 0.038889
10 0.225391 0.417361 0.021094 0.015278
14 0.426172 0.454861 0.007031 0.018056
14 0.331250 0.474306 0.014063 0.037500
