6 0.003125 0.466667 0.005208 0.051852
6 0.051302 0.453241 0.047396 0.067593
7 0.024479 0.445370 0.018750 0.094444
7 0.013021 0.454167 0.022917 0.113889
7 0.069010 0.445370 0.014063 0.090741
7 0.054427 0.448148 0.022396 0.083333
6 0.096354 0.446759 0.038542 0.062037
6 0.120313 0.454167 0.042708 0.056481
6 0.160156 0.443981 0.028646 0.062037
6 0.203385 0.442593 0.014063 0.018519
8 0.199219 0.426389 0.019271 0.049074
8 0.176563 0.422222 0.014583 0.038889
6 0.172135 0.465741 0.018229 0.057407
6 0.186458 0.497685 0.044792 0.086111
8 0.189062 0.464352 0.033333 0.117593
14 0.291146 0.379630 0.060417 0.131481
14 0.336458 0.360648 0.051042 0.163889
1 0.286979 0.448148 0.051042 0.083333
7 0.335938 0.435648 0.009375 0.041667
4 0.353646 0.428241 0.025000 0.036111
8 0.377083 0.421759 0.006250 0.017593
8 0.374219 0.425463 0.008854 0.023148
6 0.374219 0.446759 0.006771 0.015741
7 0.383073 0.419907 0.005729 0.015741
1 0.420312 0.422222 0.012500 0.022222
1 0.406771 0.426852 0.015625 0.027778
1 0.429427 0.426852 0.016146 0.027778
3 0.512760 0.409259 0.020313 0.022222
1 0.509896 0.444907 0.012500 0.043519
1 0.529687 0.457407 0.027083 0.061111
3 0.471354 0.429167 0.064583 0.119444
4 0.544792 0.435185 0.013542 0.022222
4 0.539844 0.424537 0.014063 0.010185
14 0.526823 0.423611 0.013021 0.008333
8 0.515365 0.444444 0.007812 0.035185
6 0.515365 0.456944 0.004687 0.028704
14 0.536719 0.421296 0.011979 0.009259
14 0.527083 0.418519 0.008333 0.005556
4 0.569531 0.499074 0.074479 0.129630
4 0.802604 0.699074 0.378125 0.503704
4 0.417448 0.494907 0.079687 0.110185
8 0.421875 0.433796 0.006250 0.013889
6 0.377344 0.484259 0.013021 0.074074
8 0.381250 0.451852 0.014583 0.046296
