3 0.237500 0.465278 0.070312 0.105556
4 0.182031 0.496528 0.065625 0.073611
4 0.217969 0.554167 0.095312 0.133333
4 0.100781 0.644444 0.200000 0.327778
8 0.432031 0.494444 0.012500 0.038889
4 0.474219 0.561111 0.096875 0.150000
4 0.631250 0.661806 0.307812 0.465278
1 0.853125 0.650694 0.201563 0.362500
4 0.934375 0.618056 0.131250 0.322222
6 0.409766 0.618750 0.078906 0.184722
8 0.424219 0.585417 0.048438 0.223611
8 0.399219 0.583333 0.056250 0.194444
6 0.327734 0.682639 0.111719 0.234722
8 0.351172 0.599306 0.063281 0.223611
8 0.328516 0.631250 0.111719 0.265278
13 0.143359 0.474306 0.013281 0.015278
1 0.148047 0.484722 0.010156 0.019444
14 0.455469 0.479861 0.010937 0.009722
4 0.966797 0.945139 0.066406 0.109722
10 0.787891 0.289583 0.024219 0.054167
9 0.766406 0.252778 0.034375 0.025000
8 0.379688 0.500694 0.012500 0.043056
8 0.386719 0.488194 0.006250 0.015278
