13 0.246094 0.475694 0.023438 0.048611
13 0.261328 0.472917 0.008594 0.018056
4 0.260547 0.490972 0.011719 0.023611
6 0.267578 0.493750 0.007031 0.018056
8 0.266797 0.479861 0.007031 0.018056
4 0.278125 0.490278 0.021875 0.030556
4 0.296094 0.494444 0.017188 0.030556
5 0.310547 0.499306 0.011719 0.037500
4 0.336719 0.497917 0.043750 0.062500
6 0.360547 0.504167 0.005469 0.025000
6 0.369141 0.506944 0.013281 0.041667
6 0.381641 0.506944 0.010156 0.038889
8 0.367188 0.497917 0.007812 0.059722
8 0.379297 0.482639 0.008594 0.020833
8 0.392578 0.495139 0.008594 0.051389
6 0.399219 0.510417 0.017188 0.034722
6 0.428125 0.514583 0.017188 0.037500
6 0.451172 0.509028 0.017969 0.037500
6 0.415625 0.509722 0.007812 0.033333
8 0.402344 0.483333 0.009375 0.019444
8 0.412891 0.499306 0.010156 0.054167
8 0.426563 0.498611 0.015625 0.058333
13 0.456250 0.490972 0.051562 0.073611
8 0.446094 0.502778 0.010937 0.055556
7 0.475000 0.506250 0.010937 0.062500
6 0.585547 0.529167 0.042969 0.044444
7 0.610156 0.508333 0.021875 0.086111
4 0.848437 0.528472 0.092188 0.073611
4 0.750391 0.560417 0.113281 0.134722
14 0.157422 0.463889 0.022656 0.013889
4 0.156641 0.509722 0.042969 0.088889
1 0.202344 0.529167 0.073438 0.136111
10 0.130078 0.213889 0.055469 0.063889
9 0.176563 0.185417 0.031250 0.020833
4 0.057813 0.625694 0.114062 0.312500
