4 0.473047 0.469444 0.008594 0.019444
4 0.482422 0.465972 0.007031 0.018056
13 0.496094 0.459722 0.020313 0.033333
3 0.533594 0.461806 0.043750 0.054167
14 0.510547 0.472222 0.010156 0.016667
4 0.560547 0.481250 0.022656 0.023611
8 0.566406 0.470139 0.004687 0.012500
4 0.585547 0.486111 0.027344 0.027778
7 0.644141 0.481250 0.007031 0.026389
8 0.637109 0.486111 0.005469 0.016667
1 0.680859 0.481250 0.036719 0.012500
6 0.639453 0.496528 0.007031 0.012500
4 0.677734 0.542361 0.082031 0.118056
4 0.619531 0.515278 0.046875 0.077778
1 0.800000 0.568056 0.101562 0.177778
6 0.733984 0.597917 0.060156 0.109722
8 0.738281 0.554167 0.045312 0.147222
4 0.925000 0.586806 0.150000 0.154167
3 0.414453 0.445139 0.028906 0.034722
6 0.438281 0.512500 0.014063 0.036111
8 0.439063 0.492361 0.017188 0.056944
1 0.405859 0.465972 0.027344 0.009722
1 0.425781 0.469444 0.007812 0.013889
7 0.328516 0.464583 0.013281 0.026389
4 0.385156 0.470139 0.014063 0.012500
7 0.302344 0.471528 0.009375 0.018056
4 0.363281 0.480556 0.035937 0.058333
4 0.401953 0.516667 0.057031 0.088889
7 0.267188 0.466667 0.009375 0.047222
4 0.325000 0.561111 0.114062 0.166667
7 0.276953 0.480556 0.017969 0.066667
7 0.220312 0.454167 0.014063 0.025000
4 0.228516 0.527083 0.108594 0.118056
4 0.086719 0.439583 0.065625 0.037500
1 0.117969 0.521528 0.095312 0.131944
4 0.027734 0.425000 0.055469 0.041667
4 0.137109 0.710417 0.271094 0.579167
13 0.450000 0.461111 0.045312 0.091667
4 0.490234 0.522917 0.069531 0.104167
4 0.565234 0.572917 0.096094 0.159722
6 0.416797 0.623611 0.053906 0.144444
8 0.420703 0.514583 0.046094 0.087500
8 0.416406 0.552083 0.053125 0.170833
10 0.504297 0.321528 0.325781 0.070833
10 0.377344 0.352778 0.017188 0.019444
