14 0.432812 0.420833 0.010417 0.028704
1 0.457552 0.432407 0.004687 0.020370
1 0.461458 0.433333 0.007292 0.029630
13 0.468229 0.432407 0.009375 0.050000
13 0.485677 0.425000 0.031771 0.081481
14 0.505208 0.431019 0.009375 0.025000
8 0.505990 0.437037 0.005729 0.022222
6 0.505469 0.454167 0.009896 0.026852
1 0.520833 0.446759 0.025000 0.047222
13 0.548958 0.431019 0.035417 0.091667
4 0.562500 0.462037 0.029167 0.055556
4 0.598437 0.463426 0.058333 0.080556
6 0.646615 0.493056 0.050521 0.056481
13 0.886979 0.549537 0.226042 0.449074
7 0.645573 0.491667 0.022396 0.107407
7 0.570312 0.465741 0.013542 0.074074
13 0.415365 0.426852 0.032813 0.077778
14 0.385677 0.436574 0.028646 0.049074
4 0.367188 0.454167 0.016667 0.063889
6 0.394271 0.449074 0.016667 0.029630
1 0.265885 0.535648 0.221354 0.337963
6 0.162240 0.493981 0.031771 0.069444
6 0.130469 0.510648 0.043229 0.082407
6 0.133073 0.543056 0.091146 0.171296
6 0.091667 0.568056 0.133333 0.199074
6 0.027865 0.533333 0.054688 0.062963
6 0.045312 0.629167 0.089583 0.160185
6 0.008854 0.651852 0.016667 0.118519
6 0.007552 0.762963 0.014063 0.100000
7 0.379948 0.458333 0.016146 0.075926
8 0.421875 0.462037 0.023958 0.072222
8 0.421875 0.477778 0.037500 0.094444
6 0.424740 0.501852 0.041146 0.088889
4 0.443750 0.438426 0.018750 0.034259
8 0.440104 0.433333 0.008333 0.029630
6 0.440885 0.446759 0.013021 0.036111
