4 0.261458 0.571296 0.130208 0.109259
6 0.356250 0.582407 0.068750 0.066667
8 0.351042 0.553704 0.032292 0.088889
14 0.026823 0.379630 0.052604 0.077778
4 0.470833 0.515741 0.007292 0.014815
7 0.462760 0.512963 0.006771 0.016667
7 0.441146 0.512500 0.006250 0.019444
13 0.495312 0.498611 0.016667 0.028704
4 0.479948 0.517130 0.017188 0.021296
4 0.503646 0.533333 0.023958 0.044444
4 0.494271 0.544907 0.035417 0.056481
4 0.557813 0.545833 0.050000 0.058333
7 0.575000 0.526389 0.010417 0.039815
4 0.546615 0.562963 0.071354 0.085185
6 0.614844 0.556481 0.040104 0.050000
8 0.614844 0.540278 0.022396 0.056481
6 0.654427 0.552315 0.015104 0.041667
8 0.654167 0.537500 0.011458 0.052778
4 0.688021 0.546296 0.043750 0.072222
7 0.715625 0.536111 0.008333 0.050000
7 0.730990 0.531019 0.007812 0.037963
7 0.741406 0.538889 0.008854 0.046296
6 0.725781 0.561111 0.016146 0.040741
8 0.722396 0.548148 0.012500 0.051852
7 0.762240 0.529630 0.010937 0.037037
6 0.753646 0.559259 0.019792 0.048148
8 0.752083 0.549074 0.013542 0.059259
7 0.782031 0.543981 0.007812 0.054630
7 0.792188 0.540741 0.012500 0.059259
7 0.803906 0.529630 0.009896 0.027778
7 0.814063 0.530093 0.008333 0.023148
7 0.818229 0.528704 0.005208 0.024074
8 0.834115 0.531019 0.008854 0.015741
1 0.950781 0.583333 0.094271 0.124074
4 0.847135 0.619444 0.148438 0.161111
4 0.448698 0.567593 0.105729 0.094444
6 0.996875 0.638889 0.006250 0.055556
6 0.988542 0.917130 0.022917 0.165741
8 0.446875 0.516204 0.004167 0.010185
9 0.897396 0.497685 0.009375 0.019444
7 0.236979 0.509259 0.009375 0.014815
