14 0.488672 0.478472 0.017969 0.012500
4 0.471875 0.481944 0.012500 0.016667
8 0.490234 0.477083 0.003906 0.004167
4 0.496484 0.487500 0.033594 0.019444
8 0.499219 0.477083 0.006250 0.006944
1 0.452344 0.484722 0.012500 0.022222
4 0.451953 0.493056 0.013281 0.025000
14 0.396875 0.513194 0.010937 0.054167
14 0.385547 0.508333 0.014844 0.069444
4 0.349609 0.540972 0.088281 0.115278
4 0.426953 0.512500 0.050781 0.072222
6 0.432422 0.527778 0.024219 0.063889
8 0.432422 0.515278 0.022656 0.077778
4 0.489063 0.580556 0.112500 0.183333
2 0.367188 0.668750 0.070312 0.212500
8 0.383594 0.579167 0.046875 0.225000
8 0.363672 0.611806 0.069531 0.281944
6 0.233203 0.750000 0.117969 0.286111
8 0.242969 0.644444 0.092188 0.322222
6 0.094141 0.552083 0.021094 0.065278
4 0.208984 0.570139 0.236719 0.309722
8 0.091406 0.522222 0.021875 0.094444
7 0.077344 0.520139 0.015625 0.104167
7 0.053906 0.489583 0.018750 0.045833
7 0.066797 0.525694 0.021094 0.109722
7 0.028906 0.495139 0.015625 0.048611
7 0.012109 0.533333 0.021094 0.116667
7 0.038281 0.514583 0.023438 0.084722
6 0.033594 0.559722 0.040625 0.122222
