1 0.120313 0.525000 0.053125 0.119444
13 0.173047 0.495833 0.133594 0.169444
1 0.180859 0.559028 0.108594 0.176389
7 0.249609 0.469444 0.011719 0.025000
7 0.259766 0.468750 0.008594 0.026389
4 0.324609 0.469444 0.058594 0.027778
4 0.244531 0.525694 0.035937 0.101389
4 0.286719 0.531944 0.057813 0.116667
1 0.330469 0.563194 0.089063 0.193056
4 0.495312 0.541667 0.046875 0.133333
7 0.599609 0.480556 0.005469 0.022222
7 0.667969 0.477083 0.006250 0.026389
7 0.717969 0.489583 0.009375 0.045833
7 0.780078 0.490278 0.011719 0.052778
7 0.657422 0.496528 0.011719 0.026389
6 0.672266 0.531250 0.032031 0.068056
8 0.676953 0.490278 0.010156 0.025000
8 0.674609 0.520833 0.027344 0.100000
6 0.919141 0.551389 0.027344 0.061111
8 0.905859 0.527778 0.019531 0.072222
6 0.519141 0.577778 0.047656 0.130556
8 0.519141 0.544444 0.041406 0.138889
6 0.261719 0.581250 0.048438 0.115278
8 0.272656 0.551389 0.043750 0.141667
8 0.256641 0.545139 0.041406 0.123611
13 0.421094 0.525000 0.112500 0.288889
