13 0.444922 0.475694 0.021094 0.054167
4 0.488672 0.481250 0.022656 0.026389
14 0.473047 0.477083 0.010156 0.006944
6 0.507031 0.489583 0.007812 0.018056
8 0.505859 0.481250 0.008594 0.026389
6 0.531641 0.495139 0.007031 0.023611
8 0.529297 0.484722 0.007031 0.027778
8 0.521094 0.486806 0.009375 0.031944
6 0.522266 0.495833 0.008594 0.019444
8 0.513281 0.483333 0.006250 0.022222
6 0.514062 0.494444 0.007812 0.025000
6 0.555078 0.496528 0.010156 0.023611
8 0.554297 0.489583 0.008594 0.031944
7 0.649219 0.489583 0.007812 0.031944
7 0.644922 0.490972 0.008594 0.031944
4 0.612500 0.513889 0.087500 0.066667
14 0.992969 0.513194 0.014063 0.045833
4 0.963281 0.524306 0.054688 0.054167
4 0.895312 0.557639 0.067187 0.106944
4 0.948047 0.675694 0.103906 0.281944
9 0.401172 0.319444 0.017969 0.008333
10 0.378516 0.338194 0.024219 0.031944
14 0.371484 0.484028 0.016406 0.020833
14 0.392969 0.481250 0.014063 0.018056
14 0.382422 0.474306 0.016406 0.026389
14 0.417187 0.469444 0.014063 0.016667
14 0.425391 0.481250 0.014844 0.023611
4 0.410938 0.497917 0.034375 0.051389
4 0.470313 0.508333 0.062500 0.055556
4 0.479297 0.576389 0.099219 0.172222
4 0.338281 0.535417 0.039062 0.101389
1 0.274219 0.561806 0.106250 0.173611
6 0.043750 0.641667 0.082812 0.163889
8 0.033203 0.600000 0.061719 0.225000
4 0.042578 0.844444 0.082031 0.308333
10 0.755078 0.300000 0.025781 0.055556
14 0.432812 0.483333 0.006250 0.022222
9 0.092188 0.296528 0.017188 0.101389
14 0.562109 0.480556 0.032031 0.047222
