10 0.207813 0.279861 0.035937 0.059722
9 0.195312 0.234028 0.037500 0.037500
10 0.906250 0.338889 0.053125 0.044444
10 0.815625 0.120139 0.078125 0.123611
13 0.722656 0.498611 0.076563 0.083333
8 0.655469 0.515278 0.025000 0.080556
6 0.653125 0.558333 0.026562 0.080556
8 0.634375 0.512500 0.017188 0.066667
8 0.627734 0.514583 0.017969 0.079167
6 0.624219 0.552083 0.025000 0.073611
1 0.611328 0.518056 0.060156 0.097222
8 0.591797 0.543750 0.039844 0.131944
6 0.593750 0.581250 0.050000 0.148611
8 0.557813 0.528472 0.021875 0.115278
6 0.558984 0.565972 0.027344 0.101389
13 0.458594 0.567361 0.209375 0.498611
13 0.212109 0.444444 0.142969 0.094444
4 0.220703 0.645139 0.267969 0.359722
8 0.075781 0.584028 0.031250 0.154167
8 0.111328 0.544444 0.033594 0.097222
6 0.083203 0.690278 0.039844 0.141667
4 0.122266 0.497222 0.044531 0.052778
4 0.077734 0.494444 0.049219 0.038889
4 0.035156 0.489583 0.043750 0.034722
8 0.007812 0.483333 0.010937 0.030556
6 0.009766 0.508333 0.017969 0.030556
6 0.017188 0.783333 0.032813 0.147222
14 0.985156 0.528472 0.025000 0.045833
9 0.346484 0.428472 0.007031 0.031944
10 0.278125 0.435417 0.015625 0.026389
10 0.107031 0.441667 0.006250 0.016667
6 0.048047 0.496528 0.021094 0.009722
6 0.081250 0.501389 0.025000 0.016667
8 0.082031 0.485417 0.014063 0.029167
8 0.047656 0.485417 0.010937 0.026389
10 0.813281 0.218750 0.071875 0.051389
10 0.275391 0.459722 0.011719 0.019444
