1 0.620573 0.512963 0.041146 0.048148
4 0.595573 0.516667 0.023438 0.050000
4 0.602344 0.512963 0.030729 0.046296
4 0.888021 0.494907 0.011458 0.008333
14 0.878125 0.496296 0.007292 0.007407
13 0.901302 0.492130 0.010937 0.012037
4 0.879948 0.519907 0.010937 0.037963
4 0.911458 0.497222 0.012500 0.011111
4 0.901563 0.513889 0.019792 0.029630
8 0.948698 0.493056 0.005729 0.010185
6 0.890104 0.552315 0.019792 0.041667
8 0.888802 0.530093 0.019271 0.065741
8 0.968490 0.501389 0.005729 0.010185
8 0.975781 0.501389 0.005729 0.008333
4 0.932813 0.537037 0.063542 0.077778
8 0.993490 0.493056 0.008854 0.021296
4 0.979948 0.516204 0.035937 0.025000
4 0.942187 0.613889 0.100000 0.187037
9 0.863542 0.343981 0.025000 0.012037
9 0.821354 0.337037 0.031250 0.014815
10 0.837760 0.368056 0.029687 0.032407
4 0.775781 0.545833 0.058854 0.106481
13 0.841406 0.524537 0.078646 0.191667
6 0.850781 0.613426 0.047396 0.125000
8 0.849219 0.575000 0.036979 0.137037
1 0.733594 0.584259 0.075521 0.157407
7 0.701562 0.529630 0.011458 0.081481
8 0.648958 0.524074 0.023958 0.044444
8 0.660156 0.533796 0.021354 0.034259
4 0.593490 0.730556 0.306771 0.403704
4 0.967448 0.683796 0.065104 0.325000
4 0.972917 0.846296 0.054167 0.305556
2 0.295833 0.734722 0.167708 0.247222
8 0.298438 0.630556 0.078125 0.270370
9 0.725521 0.428241 0.007292 0.039815
9 0.598437 0.373611 0.011458 0.067593
9 0.605208 0.433333 0.014583 0.022222
6 0.688802 0.479167 0.019271 0.023148
6 0.670312 0.476389 0.009375 0.019444
6 0.657292 0.476852 0.009375 0.014815
6 0.629687 0.477778 0.012500 0.022222
6 0.641406 0.477778 0.005729 0.014815
