13 0.439453 0.459722 0.025781 0.036111
4 0.469531 0.467361 0.043750 0.023611
4 0.415234 0.466667 0.022656 0.013889
8 0.411719 0.468056 0.009375 0.005556
1 0.423438 0.500694 0.034375 0.065278
8 0.426563 0.488194 0.010937 0.029167
6 0.419922 0.525694 0.025781 0.073611
4 0.433594 0.552778 0.014063 0.108333
1 0.384375 0.555556 0.059375 0.172222
8 0.285156 0.463889 0.012500 0.027778
8 0.156250 0.579861 0.048438 0.198611
6 0.124609 0.742361 0.046094 0.176389
4 0.566016 0.486806 0.017969 0.015278
4 0.546484 0.481250 0.014844 0.018056
8 0.556250 0.490278 0.010937 0.019444
8 0.566797 0.491667 0.005469 0.013889
1 0.594531 0.497222 0.035937 0.050000
6 0.624219 0.504861 0.014063 0.018056
8 0.626953 0.497222 0.014844 0.036111
8 0.635156 0.496528 0.012500 0.031944
6 0.652734 0.503472 0.017969 0.015278
8 0.668750 0.500694 0.010937 0.031944
7 0.694141 0.506944 0.014844 0.052778
6 0.729297 0.536111 0.049219 0.058333
6 0.757031 0.554861 0.032813 0.062500
8 0.762500 0.532639 0.021875 0.081944
1 0.496094 0.617361 0.137500 0.295833
7 0.366406 0.572222 0.021875 0.208333
1 0.257422 0.692361 0.232031 0.445833
6 0.018750 0.941667 0.035937 0.116667
14 0.489063 0.454167 0.023438 0.030556
6 0.741797 0.513889 0.025781 0.038889
8 0.378906 0.467361 0.006250 0.009722
8 0.386328 0.465278 0.007031 0.016667
