3 0.396875 0.445833 0.050000 0.066667
13 0.458984 0.440972 0.080469 0.115278
7 0.228906 0.488194 0.012500 0.031944
7 0.152734 0.491667 0.010156 0.027778
7 0.045312 0.519444 0.018750 0.055556
7 0.056641 0.532639 0.022656 0.079167
6 0.043750 0.590278 0.040625 0.086111
8 0.037109 0.556250 0.049219 0.104167
6 0.018359 0.612500 0.035156 0.127778
8 0.014844 0.609028 0.028125 0.106944
4 0.327734 0.484028 0.027344 0.009722
8 0.343359 0.478472 0.003906 0.009722
8 0.348828 0.478472 0.005469 0.006944
4 0.304688 0.495139 0.012500 0.012500
4 0.328125 0.504167 0.043750 0.038889
1 0.270703 0.490278 0.064844 0.027778
1 0.184766 0.518056 0.071094 0.061111
6 0.160156 0.536111 0.021875 0.019444
8 0.149219 0.517361 0.031250 0.051389
8 0.142969 0.522917 0.021875 0.054167
8 0.125000 0.527778 0.026562 0.047222
4 0.467969 0.481944 0.060937 0.033333
4 0.507812 0.593056 0.067187 0.211111
4 0.257812 0.565278 0.126562 0.144444
4 0.155859 0.725694 0.310156 0.368056
1 0.402344 0.681250 0.185938 0.404167
4 0.041406 0.930556 0.081250 0.138889
3 0.548828 0.457639 0.022656 0.031944
4 0.566797 0.462500 0.014844 0.030556
6 0.578125 0.471528 0.017188 0.018056
4 0.664844 0.475000 0.032813 0.036111
6 0.667578 0.481944 0.016406 0.025000
8 0.664062 0.468056 0.012500 0.027778
8 0.652734 0.479167 0.013281 0.030556
4 0.690625 0.478472 0.021875 0.040278
6 0.745313 0.488194 0.023438 0.031944
8 0.746094 0.468750 0.012500 0.034722
4 0.807813 0.490972 0.100000 0.070833
6 0.776172 0.519444 0.042969 0.083333
8 0.774609 0.494444 0.019531 0.086111
6 0.607812 0.487500 0.012500 0.033333
8 0.606641 0.472917 0.011719 0.037500
