3 0.487760 0.415741 0.004687 0.022222
3 0.476823 0.419907 0.017188 0.032407
13 0.507031 0.413889 0.017188 0.035185
4 0.478125 0.431019 0.014583 0.021296
4 0.508333 0.428241 0.008333 0.019444
13 0.542188 0.421759 0.039583 0.071296
4 0.517708 0.441667 0.020833 0.038889
4 0.501042 0.446296 0.020833 0.048148
8 0.582552 0.436574 0.007812 0.023148
4 0.550000 0.468056 0.045833 0.075000
6 0.519271 0.562037 0.056250 0.174074
8 0.521615 0.525000 0.051562 0.170370
4 0.611198 0.522685 0.129688 0.175000
1 0.471094 0.455556 0.008854 0.070370
6 0.242969 0.443519 0.021354 0.040741
6 0.221354 0.443981 0.033333 0.043519
7 0.262760 0.449537 0.018229 0.050926
6 0.285156 0.445370 0.031771 0.046296
6 0.209115 0.456481 0.020313 0.050000
7 0.173698 0.446759 0.018229 0.095370
7 0.193750 0.445370 0.021875 0.081481
6 0.151562 0.450000 0.012500 0.048148
8 0.151823 0.431019 0.011979 0.052778
6 0.239063 0.457407 0.019792 0.038889
3 0.383854 0.401852 0.171875 0.320370
4 0.255729 0.693981 0.308333 0.447222
4 0.830208 0.671296 0.339583 0.653704
4 0.490625 0.452315 0.036458 0.058333
13 0.494531 0.416667 0.005729 0.011111
13 0.780208 0.433333 0.034375 0.053704
