13 0.376302 0.452778 0.036979 0.100000
1 0.367969 0.486111 0.030729 0.096296
13 0.501302 0.463889 0.226562 0.375926
13 0.664323 0.425926 0.117188 0.161111
4 0.641146 0.505093 0.062500 0.080556
4 0.871875 0.557870 0.040625 0.110185
1 0.761979 0.593981 0.214583 0.297222
8 0.910417 0.509722 0.027083 0.089815
8 0.937760 0.547685 0.032813 0.173148
8 0.970833 0.526852 0.046875 0.120370
6 0.894792 0.559722 0.018750 0.067593
6 0.907292 0.600000 0.037500 0.111111
8 0.958594 0.565278 0.043229 0.075000
4 0.886198 0.762037 0.227604 0.475926
4 0.564063 0.716204 0.313542 0.465741
3 0.179427 0.500463 0.357812 0.999074
9 0.765365 0.294444 0.017188 0.092593
9 0.782031 0.406019 0.018229 0.089815
