10 0.825000 0.377778 0.029167 0.033333
13 0.807552 0.542130 0.091146 0.226852
9 0.717448 0.433796 0.009896 0.028704
4 0.554688 0.516667 0.065625 0.050000
4 0.613021 0.530093 0.053125 0.054630
4 0.735677 0.565278 0.072396 0.125000
1 0.680208 0.616204 0.104167 0.204630
4 0.868490 0.546759 0.043229 0.076852
4 0.902083 0.512037 0.017708 0.018519
4 0.919271 0.529167 0.055208 0.045370
4 0.966927 0.527778 0.039062 0.031481
6 0.858333 0.564352 0.017708 0.056481
8 0.859115 0.547222 0.017188 0.075926
4 0.914323 0.621759 0.095312 0.191667
4 0.953125 0.656944 0.093750 0.273148
4 0.949740 0.795833 0.100521 0.404630
6 0.793229 0.670370 0.063542 0.177778
8 0.788802 0.618981 0.053646 0.191667
10 0.986979 0.472685 0.013542 0.026852
10 0.987760 0.489815 0.008854 0.009259
10 0.988542 0.504167 0.009375 0.015741
6 0.590104 0.640278 0.058333 0.134259
8 0.599219 0.579630 0.036979 0.098148
8 0.588802 0.587500 0.049479 0.147222
6 0.532031 0.670833 0.091146 0.139815
8 0.541406 0.628704 0.060937 0.190741
9 0.588281 0.387037 0.013021 0.061111
9 0.595052 0.447685 0.009896 0.021296
4 0.874219 0.506481 0.018229 0.016667
14 0.934115 0.503241 0.013021 0.013889
13 0.891927 0.502778 0.013021 0.016667
8 0.071615 0.581481 0.071354 0.151852
4 0.296094 0.792593 0.591146 0.414815
8 0.995313 0.518519 0.009375 0.011111
8 0.916927 0.504630 0.003646 0.005556
8 0.922917 0.505093 0.002083 0.006481
13 0.855208 0.504167 0.012500 0.019444
9 0.849740 0.354630 0.025521 0.014815
6 0.614323 0.490278 0.020313 0.019444
6 0.640104 0.493056 0.021875 0.025000
6 0.660156 0.485648 0.007812 0.010185
6 0.678125 0.492130 0.021875 0.021296
6 0.660417 0.486574 0.007292 0.010185
6 0.599219 0.490278 0.016146 0.023148
