10 0.471484 0.416667 0.022656 0.013889
10 0.468750 0.427083 0.098437 0.020833
3 0.483984 0.467361 0.022656 0.037500
1 0.492578 0.481944 0.016406 0.027778
4 0.514453 0.492361 0.024219 0.045833
4 0.569922 0.534722 0.077344 0.102778
8 0.567187 0.479861 0.009375 0.015278
4 0.608984 0.482639 0.025781 0.040278
4 0.647656 0.484722 0.018750 0.036111
13 0.712500 0.477778 0.115625 0.138889
4 0.822266 0.640278 0.355469 0.455556
4 0.439063 0.470833 0.007812 0.019444
4 0.454688 0.475694 0.037500 0.023611
4 0.462109 0.541667 0.064844 0.119444
6 0.499609 0.504167 0.011719 0.030556
8 0.499609 0.494444 0.011719 0.036111
3 0.353516 0.467361 0.107031 0.151389
3 0.419531 0.466667 0.034375 0.069444
4 0.155469 0.482639 0.035937 0.043056
4 0.224609 0.504167 0.108594 0.097222
8 0.290625 0.513194 0.015625 0.068056
8 0.309766 0.520833 0.024219 0.094444
6 0.307422 0.552083 0.050781 0.087500
4 0.390234 0.495139 0.060156 0.023611
4 0.378125 0.604167 0.146875 0.219444
8 0.242969 0.522917 0.031250 0.073611
6 0.264453 0.554861 0.033594 0.095833
14 0.071484 0.500694 0.017969 0.037500
7 0.054688 0.498611 0.015625 0.072222
8 0.024609 0.482639 0.017969 0.054167
6 0.027734 0.500000 0.028906 0.055556
7 0.133203 0.482639 0.010156 0.034722
4 0.166797 0.565278 0.222656 0.141667
4 0.163672 0.767361 0.325781 0.465278
7 0.296094 0.466667 0.010937 0.030556
1 0.269531 0.493056 0.021875 0.044444
7 0.277734 0.486111 0.013281 0.050000
