3 0.496484 0.456250 0.014844 0.023611
3 0.518750 0.456250 0.015625 0.020833
4 0.479297 0.484722 0.019531 0.036111
6 0.466797 0.499306 0.008594 0.026389
8 0.467969 0.481944 0.010937 0.036111
6 0.458203 0.511111 0.013281 0.033333
8 0.458984 0.488889 0.014844 0.047222
6 0.437891 0.512500 0.024219 0.063889
8 0.438281 0.491667 0.020313 0.055556
4 0.542969 0.464583 0.023438 0.009722
4 0.547656 0.469444 0.014063 0.011111
4 0.575781 0.493750 0.045312 0.084722
3 0.633203 0.446528 0.072656 0.073611
3 0.755859 0.480556 0.117969 0.127778
4 0.726953 0.511111 0.072656 0.083333
4 0.845313 0.547222 0.148438 0.133333
4 0.966797 0.533333 0.049219 0.066667
4 0.973828 0.531250 0.052344 0.065278
4 0.903516 0.736111 0.192969 0.386111
4 0.646484 0.534028 0.119531 0.151389
4 0.523047 0.562500 0.117969 0.200000
9 0.132422 0.318750 0.017969 0.068056
9 0.136719 0.393056 0.017188 0.055556
10 0.407422 0.263889 0.060156 0.052778
9 0.444922 0.230556 0.022656 0.016667
10 0.494531 0.412500 0.025000 0.019444
4 0.900781 0.513194 0.020313 0.026389
7 0.917188 0.520139 0.010937 0.054167
4 0.484375 0.457639 0.007812 0.009722
14 0.578516 0.445833 0.016406 0.019444
14 0.561719 0.443750 0.014063 0.015278
4 0.487891 0.462500 0.016406 0.013889
8 0.479297 0.463194 0.005469 0.009722
