6 0.453125 0.462500 0.004167 0.010185
8 0.453385 0.452778 0.005729 0.014815
6 0.447656 0.464352 0.005729 0.012037
8 0.448437 0.454167 0.005208 0.019444
6 0.456510 0.468056 0.004687 0.015741
8 0.457031 0.458796 0.008854 0.026852
10 0.434635 0.412500 0.016146 0.010185
14 0.457292 0.444444 0.007292 0.016667
14 0.465625 0.442130 0.011458 0.021296
14 0.476302 0.445833 0.021354 0.021296
8 0.601823 0.465278 0.006771 0.023148
6 0.599219 0.491667 0.010937 0.040741
8 0.597917 0.467130 0.013542 0.028704
4 0.663542 0.481944 0.046875 0.067593
6 0.659115 0.524074 0.027604 0.072222
8 0.647135 0.477778 0.010937 0.042593
6 0.676302 0.503704 0.014063 0.046296
8 0.675000 0.484722 0.015625 0.036111
3 0.725781 0.476852 0.090104 0.114815
1 0.798177 0.539352 0.120313 0.150926
1 0.936198 0.560648 0.126562 0.160185
6 0.707812 0.539352 0.039583 0.095370
8 0.705208 0.515278 0.025000 0.093519
8 0.657813 0.496296 0.023958 0.083333
7 0.642969 0.489352 0.019271 0.067593
7 0.610677 0.540741 0.024479 0.153704
7 0.629948 0.606481 0.050521 0.301852
13 0.364063 0.438426 0.042708 0.119444
1 0.414323 0.502315 0.071354 0.149074
7 0.317708 0.456944 0.012500 0.030556
7 0.301302 0.465278 0.022396 0.075000
6 0.333854 0.540278 0.034375 0.102778
8 0.332552 0.509722 0.038021 0.134259
6 0.304688 0.630556 0.076042 0.198148
8 0.318490 0.561574 0.051562 0.213889
8 0.294531 0.566667 0.057813 0.207407
13 0.177344 0.482407 0.173437 0.268519
1 0.093229 0.655556 0.184375 0.448148
8 0.063802 0.752778 0.125521 0.494444
1 0.530208 0.626852 0.170833 0.370370
