7 0.300521 0.525000 0.016667 0.050000
7 0.338021 0.543056 0.015625 0.071296
3 0.508854 0.498148 0.006250 0.020370
3 0.520833 0.498611 0.012500 0.017593
3 0.482552 0.498148 0.045312 0.079630
1 0.532031 0.526389 0.051562 0.052778
13 0.572656 0.508333 0.011979 0.020370
14 0.557813 0.506944 0.010417 0.013889
6 0.563542 0.540278 0.010417 0.032407
8 0.560156 0.516667 0.006771 0.022222
8 0.562760 0.525000 0.014063 0.044444
4 0.582552 0.556481 0.038021 0.101852
1 0.623958 0.569444 0.069792 0.131481
4 0.661458 0.612500 0.118750 0.176852
8 0.768750 0.524537 0.013542 0.030556
4 0.908854 0.564352 0.069792 0.080556
6 0.921354 0.567130 0.012500 0.023148
8 0.910677 0.541667 0.015104 0.033333
8 0.783333 0.522685 0.017708 0.025000
8 0.667188 0.518981 0.008333 0.012037
7 0.851562 0.525926 0.008333 0.018519
4 0.833073 0.717593 0.328646 0.361111
4 0.960156 0.927315 0.079687 0.145370
4 0.507031 0.525000 0.043229 0.018519
4 0.505729 0.539352 0.065625 0.017593
4 0.449740 0.530093 0.033854 0.039815
4 0.397656 0.572685 0.106771 0.158333
4 0.491146 0.738889 0.246875 0.392593
4 0.044010 0.915741 0.086979 0.168519
