8 0.434635 0.533333 0.005729 0.022222
6 0.432812 0.539352 0.005208 0.010185
7 0.443750 0.532407 0.006250 0.029630
7 0.447656 0.529167 0.005729 0.026852
7 0.453385 0.524074 0.005729 0.012963
7 0.459635 0.526852 0.010937 0.016667
7 0.469792 0.534259 0.008333 0.029630
8 0.450260 0.562963 0.017188 0.070370
7 0.477083 0.564352 0.013542 0.063889
13 0.499740 0.524537 0.030729 0.054630
7 0.509375 0.556019 0.011458 0.054630
7 0.517188 0.532407 0.007292 0.020370
7 0.521875 0.587037 0.021875 0.105556
7 0.543490 0.579167 0.021354 0.095370
6 0.579167 0.653704 0.078125 0.120370
7 0.629427 0.605556 0.014063 0.092593
7 0.652604 0.607870 0.019792 0.089815
13 0.654427 0.548611 0.119271 0.141667
7 0.641146 0.592130 0.017708 0.126852
7 0.686198 0.614815 0.022396 0.059259
7 0.721094 0.606944 0.036979 0.062037
6 0.725781 0.653704 0.120313 0.164815
6 0.721354 0.707407 0.111458 0.168519
7 0.982292 0.721296 0.035417 0.135185
7 0.894271 0.752315 0.139583 0.493519
6 0.450521 0.578704 0.016667 0.048148
8 0.464583 0.573611 0.023958 0.087963
6 0.463542 0.600463 0.027083 0.073148
1 0.414844 0.550463 0.028646 0.063889
7 0.399479 0.537037 0.005208 0.024074
6 0.394010 0.539352 0.007812 0.021296
4 0.379948 0.530556 0.021354 0.022222
8 0.385417 0.546759 0.015625 0.050926
6 0.385677 0.565278 0.013021 0.030556
8 0.374219 0.535185 0.009896 0.029630
7 0.367969 0.531481 0.005729 0.018519
7 0.360417 0.527778 0.008333 0.018519
7 0.355990 0.529167 0.011979 0.028704
7 0.345833 0.541667 0.013542 0.044444
13 0.326302 0.547685 0.052604 0.063889
7 0.306510 0.533333 0.011979 0.029630
7 0.311458 0.537963 0.013542 0.024074
7 0.323437 0.573611 0.018750 0.104630
8 0.302865 0.600000 0.044271 0.131481
7 0.298177 0.539352 0.007812 0.019444
8 0.285677 0.545833 0.010937 0.049074
6 0.286198 0.590278 0.013021 0.043519
6 0.304167 0.622685 0.040625 0.102778
13 0.198437 0.581944 0.166667 0.280556
7 0.066146 0.545833 0.022917 0.110185
7 0.094271 0.640278 0.033333 0.060185
14 0.229167 0.841667 0.200000 0.314815
8 0.156510 0.767593 0.150521 0.462963
6 0.377865 0.822685 0.134896 0.352778
8 0.377083 0.733796 0.126042 0.391667
