14 0.503906 0.528704 0.013021 0.031481
4 0.538021 0.530556 0.013542 0.020370
4 0.484896 0.531944 0.019792 0.026852
1 0.517448 0.536574 0.017188 0.037963
7 0.530469 0.534722 0.005729 0.021296
7 0.558854 0.529630 0.005208 0.012963
4 0.547656 0.542130 0.023438 0.036111
7 0.573958 0.529630 0.003125 0.011111
14 0.565885 0.528241 0.010937 0.013889
8 0.566667 0.547222 0.017708 0.061111
6 0.565625 0.560648 0.014583 0.052778
4 0.606510 0.578704 0.080729 0.124074
6 0.476562 0.546759 0.014583 0.026852
13 0.410677 0.533796 0.059896 0.112037
7 0.389062 0.568056 0.020833 0.119444
10 0.798958 0.502315 0.035417 0.082407
13 0.147135 0.571296 0.201563 0.309259
14 0.688542 0.507407 0.063542 0.035185
14 0.645312 0.514352 0.036458 0.021296
