13 0.078385 0.578704 0.155729 0.711111
10 0.296354 0.444907 0.015625 0.028704
6 0.224219 0.562500 0.036979 0.071296
6 0.188802 0.559722 0.028646 0.089815
6 0.363281 0.550463 0.034896 0.047222
6 0.354427 0.553241 0.042188 0.047222
6 0.453125 0.544444 0.007292 0.018519
6 0.446094 0.545370 0.011979 0.018519
7 0.507031 0.534259 0.005729 0.022222
4 0.594271 0.522222 0.009375 0.009259
13 0.567448 0.513889 0.043229 0.079630
4 0.594792 0.541667 0.010417 0.033333
10 0.517188 0.508333 0.006250 0.009259
4 0.530469 0.545370 0.025521 0.035185
13 0.753125 0.511574 0.090625 0.175000
13 0.655729 0.503704 0.116667 0.253704
13 0.866406 0.550926 0.170313 0.175926
7 0.969792 0.556019 0.025000 0.097222
6 0.812500 0.610185 0.046875 0.094444
8 0.810677 0.581019 0.029687 0.112037
6 0.945312 0.690278 0.109375 0.202778
8 0.910677 0.637500 0.023438 0.175000
8 0.940104 0.637037 0.067708 0.233333
1 0.483073 0.542593 0.018229 0.037037
6 0.392448 0.549537 0.030729 0.039815
