8 0.462500 0.525926 0.003125 0.014815
1 0.472396 0.537037 0.019792 0.046296
7 0.513021 0.521296 0.006250 0.018519
14 0.553646 0.506944 0.013542 0.012037
4 0.556510 0.517130 0.028646 0.017593
7 0.573438 0.522685 0.004167 0.017593
4 0.553125 0.529630 0.039583 0.037037
7 0.637500 0.517593 0.006250 0.020370
7 0.714063 0.526852 0.012500 0.051852
7 0.737500 0.531944 0.017708 0.067593
6 0.753125 0.552315 0.031250 0.056481
6 0.708073 0.588426 0.073438 0.093519
7 0.748437 0.619444 0.039583 0.092593
7 0.794271 0.597222 0.014583 0.112963
1 0.909375 0.632870 0.178125 0.263889
6 0.965104 0.701852 0.069792 0.142593
7 0.692448 0.647685 0.045312 0.213889
6 0.650260 0.600463 0.061979 0.082407
7 0.609896 0.604630 0.030208 0.170370
6 0.657031 0.540741 0.011979 0.046296
14 0.436719 0.525926 0.008854 0.027778
13 0.428385 0.524537 0.015104 0.032407
6 0.520573 0.544907 0.019271 0.015741
6 0.498958 0.556481 0.017708 0.031481
6 0.521615 0.556019 0.028646 0.043519
6 0.521875 0.564352 0.015625 0.050926
6 0.558333 0.562500 0.018750 0.037963
6 0.577344 0.561574 0.032813 0.065741
7 0.499479 0.531019 0.007292 0.026852
7 0.506510 0.547685 0.008854 0.060185
7 0.493490 0.536111 0.006771 0.037037
7 0.483594 0.541667 0.010937 0.062963
6 0.462240 0.532407 0.004687 0.007407
8 0.457031 0.526852 0.005729 0.016667
6 0.456250 0.539815 0.007292 0.025926
4 0.422135 0.529630 0.016146 0.016667
8 0.426563 0.531019 0.007292 0.021296
6 0.426302 0.534722 0.004687 0.015741
6 0.406250 0.542593 0.012500 0.031481
8 0.405469 0.533796 0.009896 0.025000
4 0.350521 0.538889 0.034375 0.051852
7 0.385937 0.551852 0.010417 0.059259
7 0.366146 0.539815 0.004167 0.020370
7 0.372656 0.555093 0.017188 0.095370
7 0.355469 0.562500 0.017188 0.087963
6 0.318750 0.603704 0.042708 0.096296
8 0.322396 0.551852 0.017708 0.070370
6 0.215365 0.620370 0.020313 0.074074
7 0.209115 0.632407 0.027604 0.057407
7 0.146094 0.651389 0.043229 0.089815
7 0.079167 0.624537 0.020833 0.112037
7 0.086198 0.699537 0.059896 0.104630
7 0.022135 0.675463 0.033854 0.063889
1 0.445312 0.537500 0.021875 0.050926
6 0.295312 0.656481 0.055208 0.153704
8 0.297656 0.610185 0.040104 0.155556
7 0.267448 0.583333 0.018229 0.109259
8 0.527865 0.554630 0.020313 0.074074
7 0.544792 0.555093 0.012500 0.065741
