6 0.545833 0.522222 0.005208 0.012963
8 0.546354 0.518519 0.004167 0.014815
7 0.549219 0.521759 0.004687 0.023148
13 0.566406 0.520370 0.029687 0.081481
8 0.573698 0.502778 0.008854 0.031481
8 0.566146 0.516204 0.009375 0.036111
7 0.540365 0.518519 0.003646 0.012963
7 0.534635 0.518056 0.002604 0.010185
7 0.536979 0.519444 0.003125 0.009259
6 0.551562 0.546296 0.013542 0.044444
8 0.553125 0.533796 0.012500 0.043519
6 0.568490 0.553241 0.014063 0.045370
8 0.568750 0.537500 0.014583 0.052778
7 0.583854 0.526389 0.007292 0.030556
7 0.591927 0.519907 0.004687 0.017593
7 0.590104 0.528704 0.006250 0.027778
7 0.595313 0.522222 0.003125 0.014815
7 0.613542 0.517593 0.003125 0.014815
7 0.616406 0.518981 0.003646 0.015741
7 0.622396 0.519444 0.005208 0.014815
14 0.619271 0.540278 0.016667 0.034259
7 0.607812 0.531944 0.006250 0.030556
6 0.600260 0.579630 0.032813 0.085185
8 0.600521 0.559259 0.029167 0.098148
7 0.639323 0.528241 0.007812 0.023148
7 0.630990 0.538889 0.010937 0.046296
4 0.760677 0.742593 0.315104 0.450000
6 0.871354 0.681944 0.043750 0.067593
8 0.853646 0.598611 0.060417 0.152778
7 0.951823 0.610648 0.023438 0.086111
7 0.982292 0.637037 0.026042 0.238889
7 0.882552 0.606019 0.028646 0.197222
7 0.954688 0.643056 0.059375 0.258333
7 0.909896 0.636574 0.043750 0.271296
7 0.545833 0.511111 0.002083 0.003704
7 0.529687 0.518519 0.007292 0.020370
7 0.513802 0.544444 0.009896 0.066667
7 0.523958 0.537500 0.012500 0.054630
8 0.474479 0.564352 0.034375 0.108333
6 0.476562 0.582870 0.030208 0.073148
8 0.475260 0.557870 0.025521 0.058333
7 0.502865 0.566204 0.028646 0.113889
13 0.375521 0.521296 0.126042 0.166667
7 0.377083 0.585648 0.025000 0.097222
7 0.351562 0.591667 0.046875 0.179630
6 0.182552 0.566667 0.085938 0.090741
6 0.173437 0.607407 0.132292 0.164815
7 0.017188 0.618056 0.033333 0.062037
7 0.262760 0.706481 0.065104 0.325926
7 0.192188 0.768981 0.090625 0.406481
8 0.075781 0.758333 0.150521 0.483333
8 0.010417 0.878704 0.018750 0.242593
8 0.452083 0.567593 0.023958 0.105556
8 0.533594 0.602315 0.042188 0.171296
6 0.530208 0.645833 0.069792 0.165741
