14 0.542448 0.497222 0.006771 0.012963
1 0.549479 0.500926 0.006250 0.011111
14 0.559635 0.499074 0.005729 0.012963
13 0.566927 0.511574 0.015104 0.030556
1 0.577344 0.532870 0.025521 0.037963
7 0.578125 0.509259 0.003125 0.012963
7 0.579948 0.512500 0.003646 0.006481
7 0.592969 0.511111 0.002604 0.005556
7 0.600260 0.515741 0.005729 0.011111
7 0.596875 0.518981 0.005208 0.012037
7 0.589323 0.523611 0.004687 0.017593
7 0.593229 0.541667 0.007292 0.042593
7 0.584896 0.555093 0.012500 0.071296
7 0.570573 0.559259 0.019271 0.079630
7 0.650781 0.548148 0.008854 0.061111
6 0.665365 0.547685 0.023438 0.030556
13 0.739583 0.551389 0.069792 0.100926
7 0.677865 0.643056 0.048438 0.215741
7 0.731771 0.666667 0.043750 0.248148
6 0.734635 0.630093 0.083854 0.106481
7 0.816667 0.617593 0.081250 0.140741
6 0.838281 0.627315 0.082812 0.136111
14 0.852865 0.716667 0.186979 0.196296
4 0.619792 0.563889 0.054167 0.098148
14 0.553125 0.504630 0.004167 0.011111
6 0.559896 0.526852 0.005208 0.014815
8 0.560417 0.520370 0.005208 0.018519
7 0.552865 0.515741 0.004687 0.020370
7 0.546094 0.506019 0.002604 0.006481
7 0.543750 0.509259 0.003125 0.009259
7 0.539844 0.505093 0.002604 0.013889
7 0.550000 0.517130 0.005208 0.017593
7 0.554167 0.526389 0.004167 0.023148
8 0.551042 0.532407 0.008333 0.031481
6 0.550781 0.538889 0.011979 0.024074
7 0.544531 0.523148 0.004687 0.020370
7 0.537240 0.518056 0.004687 0.019444
7 0.541406 0.525926 0.005729 0.020370
6 0.535937 0.560185 0.015625 0.044444
8 0.535156 0.543981 0.016146 0.052778
7 0.512240 0.531944 0.006771 0.028704
6 0.517969 0.551389 0.010937 0.032407
8 0.519271 0.542130 0.011458 0.039815
7 0.507812 0.548148 0.011458 0.068519
7 0.497135 0.553241 0.010937 0.062037
6 0.489844 0.533333 0.015104 0.024074
7 0.483073 0.549074 0.010937 0.059259
6 0.478385 0.569444 0.018229 0.035185
7 0.472396 0.532870 0.006250 0.021296
7 0.461458 0.528241 0.006250 0.019444
7 0.427344 0.540278 0.007812 0.023148
7 0.451823 0.533333 0.005729 0.016667
6 0.450000 0.586111 0.028125 0.068519
8 0.452865 0.571296 0.019271 0.083333
7 0.466667 0.567130 0.014583 0.091667
7 0.441146 0.544907 0.010417 0.037963
7 0.417708 0.532407 0.007292 0.027778
7 0.402865 0.548611 0.013021 0.052778
14 0.423177 0.600463 0.034896 0.080556
7 0.390625 0.531944 0.012500 0.041667
7 0.385156 0.549074 0.011979 0.037037
7 0.396094 0.590741 0.028646 0.118519
7 0.354427 0.546759 0.014063 0.041667
7 0.349479 0.567130 0.011458 0.039815
7 0.322917 0.597222 0.021875 0.027778
7 0.311719 0.632407 0.017188 0.051852
7 0.334375 0.617593 0.027083 0.131481
7 0.294531 0.556481 0.020313 0.048148
6 0.316667 0.568981 0.031250 0.069444
6 0.237760 0.569444 0.042188 0.087037
6 0.232031 0.581019 0.048438 0.097222
6 0.223177 0.587500 0.058854 0.078704
6 0.216146 0.600463 0.052083 0.075000
6 0.182292 0.587963 0.064583 0.092593
6 0.139583 0.603704 0.011458 0.066667
6 0.294792 0.613426 0.062500 0.082407
7 0.252344 0.631944 0.023438 0.097222
6 0.287500 0.665741 0.046875 0.150000
7 0.235677 0.659722 0.035937 0.075000
6 0.232552 0.746759 0.134896 0.295370
7 0.140104 0.738889 0.048958 0.166667
7 0.097656 0.647222 0.053646 0.159259
7 0.005990 0.637037 0.010937 0.053704
7 0.036979 0.691204 0.060417 0.276852
2 0.079167 0.819907 0.144792 0.269444
7 0.058333 0.764352 0.033333 0.208333
8 0.374219 0.649537 0.069271 0.252778
6 0.377344 0.723611 0.081771 0.245370
7 0.433073 0.552778 0.008854 0.018519
