10 0.572135 0.464352 0.007812 0.013889
14 0.632292 0.497222 0.011458 0.031481
1 0.631771 0.513426 0.013542 0.037963
8 0.625521 0.505093 0.004167 0.015741
8 0.628646 0.518519 0.007292 0.029630
6 0.628646 0.525000 0.009375 0.025926
13 0.605208 0.518056 0.040625 0.086111
7 0.578125 0.503704 0.004167 0.024074
7 0.573438 0.501389 0.003125 0.017593
7 0.570573 0.504167 0.007812 0.019444
7 0.551562 0.501389 0.005208 0.019444
7 0.527865 0.508333 0.006771 0.031481
8 0.579427 0.509722 0.006771 0.015741
8 0.575000 0.509722 0.006250 0.012037
8 0.567187 0.510648 0.007292 0.013889
8 0.549479 0.525000 0.011458 0.037037
8 0.538281 0.519907 0.014063 0.034259
8 0.499219 0.509722 0.011979 0.034259
6 0.499479 0.520370 0.020833 0.020370
4 0.587240 0.563889 0.065104 0.098148
4 0.504948 0.637963 0.164062 0.222222
6 0.419010 0.645370 0.033854 0.103704
8 0.427083 0.558333 0.034375 0.094444
13 0.678646 0.486574 0.092708 0.284259
14 0.722917 0.493056 0.015625 0.030556
4 0.826823 0.739352 0.346354 0.521296
8 0.231510 0.713426 0.108854 0.369444
6 0.218229 0.817130 0.157292 0.347222
10 0.866667 0.452315 0.031250 0.023148
