9 0.170833 0.309722 0.027083 0.039815
9 0.194271 0.549074 0.014583 0.029630
6 0.111198 0.658333 0.059896 0.057407
8 0.119531 0.641204 0.039062 0.095370
8 0.102083 0.635185 0.037500 0.092593
7 0.135937 0.634722 0.013542 0.045370
9 0.202604 0.513426 0.018750 0.025000
4 0.209375 0.642593 0.145833 0.096296
1 0.730990 0.596759 0.016146 0.026852
6 0.716927 0.616204 0.006771 0.015741
8 0.717187 0.601389 0.008333 0.021296
7 0.709115 0.593056 0.006771 0.013889
6 0.711458 0.618519 0.008333 0.018519
8 0.712240 0.603241 0.009896 0.030556
4 0.694792 0.615278 0.025000 0.032407
6 0.689323 0.625926 0.006771 0.022222
8 0.690104 0.602315 0.009375 0.021296
6 0.673698 0.618981 0.010937 0.026852
8 0.674219 0.610185 0.009896 0.033333
8 0.652865 0.606944 0.006771 0.026852
4 0.617969 0.617593 0.041146 0.044444
1 0.584375 0.622222 0.026042 0.044444
4 0.521094 0.617593 0.030729 0.040741
8 0.409635 0.603704 0.017188 0.035185
6 0.652865 0.627778 0.006771 0.014815
6 0.657813 0.627315 0.018750 0.049074
8 0.659635 0.615741 0.013021 0.053704
6 0.607552 0.648611 0.011979 0.043519
8 0.610156 0.609722 0.014063 0.037963
6 0.623437 0.670833 0.025000 0.060185
8 0.623437 0.629167 0.030208 0.084259
4 0.458594 0.664352 0.139063 0.150926
8 0.224219 0.594907 0.016146 0.034259
8 0.208073 0.599074 0.023438 0.044444
4 0.070833 0.723148 0.140625 0.264815
6 0.573698 0.669907 0.031771 0.117593
8 0.576042 0.606481 0.026042 0.055556
8 0.566667 0.638889 0.038542 0.133333
6 0.551042 0.708333 0.056250 0.177778
8 0.546354 0.661574 0.053125 0.191667
9 0.578125 0.302778 0.048958 0.027778
14 0.804167 0.587500 0.017708 0.041667
3 0.856250 0.581019 0.093750 0.075000
9 0.918229 0.527315 0.017708 0.025000
7 0.990885 0.609722 0.017188 0.100926
7 0.934896 0.613889 0.011458 0.109259
7 0.840885 0.615741 0.014063 0.074074
7 0.847396 0.617593 0.026042 0.098148
7 0.784115 0.607870 0.019271 0.097222
7 0.889844 0.578241 0.019271 0.037963
9 0.920312 0.457407 0.014583 0.051852
4 0.263281 0.766204 0.374479 0.371296
6 0.268490 0.865741 0.219271 0.268519
7 0.888021 0.638426 0.032292 0.132407
7 0.917188 0.639815 0.029167 0.159259
7 0.976042 0.644444 0.030208 0.175926
7 0.946094 0.655093 0.038021 0.189815
2 0.764844 0.662963 0.039062 0.092593
8 0.760938 0.628241 0.031250 0.136111
8 0.286198 0.801389 0.172396 0.397222
