1 0.559375 0.554167 0.020833 0.034259
4 0.576562 0.554630 0.029167 0.016667
4 0.575521 0.569907 0.030208 0.030556
4 0.607812 0.572222 0.050000 0.040741
4 0.650521 0.620833 0.083333 0.117593
4 0.707292 0.582407 0.066667 0.051852
4 0.836198 0.670833 0.134896 0.169444
4 0.763021 0.714352 0.203125 0.237963
1 0.942448 0.781944 0.115104 0.436111
4 0.545573 0.547222 0.023438 0.024074
7 0.553125 0.552315 0.009375 0.023148
1 0.497656 0.548611 0.027604 0.021296
4 0.521615 0.546759 0.038021 0.019444
1 0.472135 0.551852 0.036979 0.029630
4 0.453646 0.584259 0.064583 0.053704
4 0.516667 0.610648 0.093750 0.117593
6 0.401302 0.565278 0.027604 0.036111
8 0.403906 0.553704 0.007812 0.022222
4 0.405729 0.631481 0.062500 0.116667
1 0.289323 0.771296 0.253646 0.451852
8 0.479687 0.789815 0.176042 0.420370
6 0.457552 0.864815 0.138021 0.268519
14 0.066146 0.971759 0.131250 0.056481
4 0.579167 0.745833 0.202083 0.334259
7 0.323698 0.533796 0.010937 0.025000
6 0.008333 0.662500 0.015625 0.123148
7 0.434375 0.549074 0.015625 0.038889
