7 0.484635 0.535648 0.005729 0.028704
6 0.523958 0.544444 0.008333 0.022222
8 0.523958 0.527315 0.006250 0.010185
7 0.479948 0.533333 0.005729 0.024074
7 0.476302 0.533333 0.004687 0.029630
7 0.469531 0.538889 0.006771 0.038889
7 0.459896 0.539352 0.007292 0.037963
7 0.450781 0.528704 0.007812 0.014815
6 0.453385 0.553241 0.015104 0.039815
7 0.434896 0.543981 0.007292 0.054630
7 0.430469 0.547222 0.005729 0.057407
7 0.423698 0.538426 0.011979 0.056481
6 0.472656 0.540741 0.004687 0.012963
7 0.489323 0.539815 0.003646 0.024074
6 0.504427 0.541204 0.004687 0.012037
8 0.504167 0.531481 0.004167 0.009259
6 0.509375 0.539815 0.004167 0.009259
8 0.508333 0.531944 0.003125 0.006481
6 0.533073 0.544907 0.007812 0.017593
8 0.532813 0.531019 0.005208 0.013889
7 0.570573 0.531481 0.004687 0.022222
7 0.566146 0.559259 0.014583 0.079630
6 0.552604 0.590278 0.028125 0.071296
8 0.550521 0.540741 0.025000 0.044444
8 0.551302 0.570833 0.025521 0.087963
7 0.591406 0.547685 0.011979 0.041667
7 0.597135 0.556481 0.013021 0.057407
6 0.602604 0.583796 0.030208 0.050926
7 0.645312 0.553241 0.008333 0.065741
7 0.627083 0.541204 0.008333 0.028704
2 0.619271 0.602778 0.028125 0.088889
7 0.637500 0.592130 0.013542 0.097222
7 0.657813 0.599074 0.009375 0.024074
7 0.672396 0.600463 0.013542 0.041667
7 0.711719 0.612037 0.030729 0.170370
7 0.735938 0.639815 0.026042 0.064815
6 0.795573 0.675926 0.077604 0.151852
8 0.796354 0.629630 0.047917 0.168519
13 0.908854 0.637037 0.182292 0.331481
6 0.385417 0.582407 0.019792 0.059259
8 0.386979 0.545370 0.016667 0.031481
6 0.409635 0.603241 0.065104 0.086111
8 0.415885 0.574537 0.030729 0.102778
7 0.366146 0.590278 0.027083 0.137963
7 0.313542 0.546759 0.019792 0.058333
14 0.352344 0.560648 0.015104 0.041667
6 0.260156 0.560185 0.071354 0.083333
6 0.321875 0.578241 0.059375 0.089815
6 0.287240 0.588889 0.067187 0.100000
2 0.278125 0.602778 0.081250 0.085185
7 0.296875 0.630093 0.021875 0.060185
7 0.266927 0.631019 0.032813 0.062037
7 0.268490 0.663426 0.027604 0.065741
7 0.176302 0.697685 0.063021 0.162037
