13 0.449219 0.512037 0.014063 0.025926
7 0.459896 0.510648 0.003125 0.015741
7 0.462760 0.511111 0.003646 0.016667
7 0.475781 0.509259 0.003646 0.005556
7 0.483854 0.516204 0.004167 0.017593
7 0.489063 0.525000 0.005208 0.031481
6 0.493750 0.531944 0.008333 0.013889
8 0.494271 0.525000 0.006250 0.031481
7 0.497135 0.525926 0.006771 0.029630
7 0.503646 0.529630 0.005208 0.029630
7 0.510677 0.534722 0.007812 0.045370
6 0.521875 0.536574 0.016667 0.017593
8 0.519792 0.522685 0.005208 0.021296
7 0.536979 0.550000 0.014583 0.070370
7 0.550521 0.547685 0.015625 0.076852
6 0.566927 0.546296 0.021354 0.027778
6 0.561719 0.560648 0.013021 0.049074
6 0.579688 0.562963 0.016667 0.042593
6 0.584115 0.566204 0.005729 0.034259
6 0.590365 0.566204 0.006771 0.037963
1 0.618750 0.574074 0.064583 0.116667
6 0.660417 0.580093 0.037500 0.063889
6 0.669792 0.609722 0.037500 0.095370
6 0.711458 0.607407 0.054167 0.059259
14 0.729948 0.566204 0.079687 0.160185
7 0.772396 0.606481 0.034375 0.148148
7 0.823698 0.672685 0.055729 0.252778
7 0.858073 0.664815 0.041146 0.235185
7 0.839844 0.661111 0.020313 0.211111
7 0.896354 0.680556 0.047917 0.292593
7 0.968490 0.657407 0.032813 0.083333
13 0.421615 0.505093 0.027604 0.028704
1 0.435937 0.519444 0.016667 0.033333
6 0.446354 0.528704 0.008333 0.025926
6 0.432812 0.533333 0.008333 0.018519
8 0.446094 0.523148 0.008854 0.037037
8 0.433073 0.520833 0.009896 0.030556
4 0.410417 0.519444 0.012500 0.025926
7 0.417448 0.525926 0.008854 0.038889
13 0.389583 0.501852 0.034375 0.057407
4 0.394271 0.542130 0.039583 0.058333
13 0.346354 0.525463 0.050000 0.128704
1 0.332552 0.562963 0.054688 0.107407
4 0.278125 0.621296 0.116667 0.174074
4 0.131250 0.714352 0.261458 0.321296
4 0.036198 0.876389 0.071354 0.247222
7 0.370052 0.557870 0.018229 0.106481
4 0.472917 0.533333 0.031250 0.044444
7 0.423698 0.532407 0.010937 0.044444
