1 0.512760 0.527778 0.020313 0.024074
7 0.517448 0.539815 0.008854 0.037037
7 0.514583 0.564352 0.014583 0.084259
7 0.489063 0.539815 0.007292 0.037037
7 0.493229 0.561574 0.013542 0.069444
7 0.506771 0.566667 0.016667 0.079630
7 0.481771 0.544444 0.006250 0.050000
7 0.473177 0.540278 0.006771 0.017593
7 0.453646 0.574537 0.015625 0.108333
7 0.407813 0.574537 0.018750 0.108333
7 0.394271 0.569444 0.012500 0.051852
7 0.372917 0.514815 0.006250 0.012963
7 0.365625 0.512963 0.006250 0.014815
7 0.378125 0.573611 0.016667 0.100926
7 0.353646 0.514352 0.012500 0.017593
7 0.402865 0.524074 0.008854 0.027778
7 0.389323 0.519444 0.010937 0.018519
7 0.396354 0.518519 0.006250 0.022222
7 0.432031 0.527778 0.009896 0.022222
7 0.423698 0.616204 0.046354 0.195370
7 0.342708 0.514352 0.006250 0.019444
7 0.355469 0.647222 0.053646 0.270370
7 0.285156 0.566667 0.033854 0.144444
13 0.159635 0.508333 0.241146 0.190741
8 0.238281 0.735648 0.122396 0.369444
8 0.229687 0.696759 0.110417 0.219444
6 0.236198 0.786574 0.139063 0.375000
6 0.099219 0.842593 0.196354 0.314815
7 0.529687 0.537037 0.010417 0.035185
7 0.558594 0.553241 0.008854 0.065741
6 0.553125 0.564815 0.017708 0.046296
8 0.552604 0.547222 0.020833 0.051852
7 0.572656 0.549074 0.018229 0.048148
7 0.587500 0.530556 0.007292 0.014815
7 0.591146 0.539352 0.012500 0.028704
7 0.603125 0.551852 0.012500 0.066667
6 0.586979 0.581944 0.050000 0.063889
7 0.623698 0.537500 0.016146 0.045370
7 0.637760 0.548148 0.011979 0.070370
7 0.629948 0.568981 0.019271 0.099074
13 0.826042 0.501389 0.347917 0.997222
8 0.532813 0.589815 0.047917 0.118519
6 0.535417 0.633333 0.032292 0.079630
