14 0.694531 0.526852 0.010937 0.042593
6 0.695573 0.543519 0.004687 0.011111
8 0.696094 0.536111 0.004687 0.011111
13 0.676823 0.525463 0.029687 0.069444
13 0.646615 0.541667 0.014063 0.048148
13 0.654167 0.542130 0.020833 0.047222
4 0.675000 0.546759 0.028125 0.036111
4 0.667448 0.571759 0.051562 0.071296
6 0.634635 0.555093 0.008854 0.021296
8 0.632552 0.544444 0.004687 0.022222
8 0.636198 0.546296 0.007812 0.022222
4 0.612240 0.562037 0.050521 0.074074
7 0.582292 0.546296 0.009375 0.050000
7 0.550521 0.536111 0.008333 0.035185
7 0.537760 0.528241 0.006771 0.025000
7 0.450521 0.542130 0.014583 0.060185
4 0.518490 0.605093 0.103646 0.134259
2 0.366406 0.627778 0.039062 0.105556
7 0.420833 0.672685 0.060417 0.312037
8 0.661719 0.590741 0.035937 0.111111
6 0.662240 0.623611 0.040104 0.102778
4 0.749740 0.559722 0.020313 0.054630
8 0.750781 0.559259 0.011979 0.042593
6 0.749219 0.574074 0.013021 0.046296
4 0.834896 0.565741 0.062500 0.159259
