8 0.421615 0.512963 0.004687 0.020370
6 0.422917 0.521296 0.008333 0.018519
8 0.449479 0.523148 0.005208 0.020370
6 0.449219 0.526852 0.007812 0.016667
6 0.441406 0.546296 0.013021 0.042593
8 0.441667 0.534259 0.011458 0.048148
13 0.602344 0.547222 0.048438 0.101852
7 0.819271 0.567130 0.013542 0.069444
8 0.968750 0.636111 0.028125 0.142593
6 0.972396 0.675000 0.055208 0.127778
13 0.518490 0.482870 0.088021 0.249074
4 0.401302 0.518981 0.040104 0.045370
14 0.464583 0.525463 0.004167 0.010185
