4 0.883333 0.758333 0.231250 0.483333
13 0.464062 0.493056 0.019792 0.021296
14 0.461198 0.507407 0.018229 0.011111
14 0.482292 0.512963 0.020833 0.022222
7 0.467187 0.512037 0.007292 0.007407
14 0.454427 0.511111 0.010937 0.005556
8 0.450260 0.511574 0.006771 0.008333
13 0.509375 0.530556 0.064583 0.066667
13 0.395313 0.488426 0.102083 0.054630
4 0.425521 0.531944 0.026042 0.043519
1 0.397135 0.533333 0.039062 0.057407
1 0.454688 0.553704 0.039583 0.081481
7 0.440885 0.563889 0.022396 0.096296
8 0.482552 0.552315 0.013021 0.063889
6 0.470313 0.600926 0.042708 0.111111
8 0.472917 0.567130 0.032292 0.097222
13 0.538542 0.560185 0.023958 0.131481
13 0.654687 0.552315 0.218750 0.339815
