6 0.014063 0.734722 0.027083 0.158333
7 0.208854 0.614815 0.006250 0.024074
8 0.203125 0.616204 0.009375 0.026852
6 0.209635 0.637963 0.023438 0.033333
7 0.191667 0.631019 0.012500 0.071296
6 0.193750 0.749074 0.050000 0.142593
8 0.173698 0.637500 0.072396 0.100926
8 0.165625 0.731944 0.087500 0.289815
6 0.157812 0.832407 0.111458 0.250000
4 0.338281 0.622685 0.045312 0.043519
4 0.406250 0.618056 0.027083 0.030556
6 0.407552 0.624537 0.008854 0.028704
8 0.407552 0.600926 0.014063 0.027778
1 0.434115 0.610185 0.018229 0.038889
6 0.443490 0.614352 0.015104 0.034259
8 0.442969 0.597685 0.013021 0.025000
7 0.464323 0.596759 0.007812 0.017593
7 0.470573 0.609259 0.013021 0.053704
1 0.486979 0.601852 0.016667 0.038889
7 0.496615 0.593519 0.006771 0.029630
8 0.503646 0.587037 0.005208 0.011111
6 0.503125 0.598611 0.006250 0.012037
7 0.512240 0.599074 0.005729 0.046296
1 0.542708 0.591204 0.017708 0.028704
8 0.553646 0.589352 0.008333 0.025000
6 0.553906 0.596759 0.005729 0.013889
7 0.563542 0.597222 0.012500 0.074074
7 0.600260 0.602778 0.018229 0.077778
7 0.614062 0.591667 0.015625 0.061111
7 0.613802 0.595370 0.011979 0.072222
7 0.630729 0.594444 0.014583 0.068519
10 0.694271 0.518519 0.008333 0.035185
3 0.666146 0.570833 0.065625 0.067593
9 0.676823 0.478241 0.010937 0.043519
9 0.676042 0.527315 0.009375 0.017593
7 0.652083 0.595833 0.015625 0.080556
7 0.670312 0.607407 0.019792 0.101852
7 0.685417 0.604630 0.019792 0.096296
7 0.714583 0.593519 0.017708 0.072222
3 0.814323 0.554630 0.134896 0.075926
7 0.741406 0.573611 0.010937 0.043519
7 0.751823 0.656019 0.036979 0.202778
6 0.802344 0.597222 0.035937 0.050000
8 0.806510 0.585185 0.019271 0.070370
1 0.855729 0.581019 0.056250 0.082407
7 0.838542 0.591204 0.028125 0.097222
1 0.904427 0.581944 0.061979 0.093519
7 0.886979 0.591204 0.029167 0.099074
1 0.984635 0.540278 0.015104 0.017593
1 0.951562 0.584259 0.041667 0.094444
7 0.990625 0.545370 0.013542 0.042593
7 0.994531 0.563889 0.010937 0.051852
7 0.978646 0.558333 0.025000 0.059259
6 0.907292 0.665741 0.046875 0.112963
9 0.417187 0.356019 0.034375 0.015741
6 0.324219 0.835185 0.100521 0.312963
8 0.323437 0.749074 0.092708 0.272222
9 0.103385 0.378704 0.020313 0.031481
9 0.116146 0.557407 0.010417 0.020370
7 0.049740 0.625000 0.010937 0.029630
9 0.122396 0.530093 0.012500 0.019444
