13 0.517969 0.483796 0.068229 0.199074
4 0.612240 0.548611 0.039062 0.052778
7 0.301563 0.496296 0.006250 0.014815
6 0.308333 0.500926 0.006250 0.009259
6 0.320052 0.514352 0.006771 0.017593
6 0.332813 0.515741 0.008333 0.018519
7 0.367969 0.513889 0.008854 0.048148
7 0.351562 0.507407 0.008333 0.046296
7 0.339583 0.515278 0.013542 0.056481
7 0.355469 0.526389 0.013021 0.069444
7 0.286458 0.521759 0.019792 0.076852
6 0.465625 0.587037 0.029167 0.075926
6 0.408073 0.594444 0.035937 0.103704
8 0.465104 0.559722 0.025000 0.095370
8 0.407292 0.564352 0.031250 0.113889
14 0.564583 0.512500 0.006250 0.013889
7 0.913542 0.562037 0.016667 0.090741
