8 0.504427 0.563889 0.010937 0.035185
8 0.489583 0.564815 0.021875 0.040741
8 0.522135 0.563426 0.016146 0.041667
1 0.554948 0.598611 0.049479 0.117593
4 0.582292 0.579167 0.019792 0.050926
1 0.602604 0.575926 0.023958 0.055556
4 0.620052 0.585648 0.041146 0.065741
4 0.630990 0.560648 0.032813 0.028704
3 0.649219 0.561574 0.017188 0.043519
4 0.656510 0.567130 0.021354 0.023148
4 0.681771 0.587963 0.036458 0.066667
14 0.639844 0.618519 0.055729 0.057407
7 0.651823 0.611111 0.026562 0.081481
4 0.695312 0.602315 0.054167 0.086111
4 0.760677 0.716667 0.226562 0.314815
8 0.865365 0.610648 0.021354 0.099074
4 0.892188 0.608796 0.050000 0.062037
8 0.933594 0.594907 0.018229 0.045370
8 0.864583 0.794444 0.111458 0.411111
8 0.902083 0.795833 0.158333 0.408333
4 0.491927 0.705093 0.147396 0.256481
4 0.358073 0.576852 0.066146 0.072222
7 0.281250 0.570833 0.018750 0.093519
7 0.231771 0.576852 0.016667 0.090741
4 0.239323 0.553704 0.040104 0.046296
8 0.200781 0.557870 0.017188 0.063889
6 0.200521 0.566204 0.022917 0.043519
4 0.188802 0.546759 0.022396 0.026852
4 0.313802 0.561111 0.043229 0.048148
6 0.395052 0.566667 0.010937 0.029630
14 0.102083 0.538889 0.012500 0.035185
1 0.113021 0.538889 0.012500 0.025926
7 0.119792 0.547222 0.008333 0.029630
4 0.136979 0.544907 0.022917 0.036111
4 0.148958 0.537963 0.009375 0.016667
4 0.212760 0.815741 0.424479 0.368519
14 0.161458 0.552778 0.025000 0.035185
13 0.989323 0.587500 0.021354 0.080556
8 0.488802 0.553241 0.008854 0.017593
6 0.478385 0.573148 0.004687 0.007407
6 0.511979 0.568056 0.004167 0.008333
6 0.891667 0.839815 0.183333 0.320370
