14 0.534896 0.555093 0.011458 0.008333
13 0.520833 0.563889 0.018750 0.040741
14 0.555990 0.558796 0.005729 0.004630
8 0.548177 0.557870 0.002604 0.004630
8 0.551562 0.560648 0.004167 0.013889
4 0.563802 0.573148 0.023438 0.029630
8 0.553906 0.568981 0.007812 0.026852
6 0.553385 0.574074 0.003646 0.005556
6 0.521354 0.576852 0.007292 0.024074
8 0.521875 0.572222 0.007292 0.029630
8 0.567448 0.556944 0.003646 0.006481
14 0.618750 0.566667 0.013542 0.018519
8 0.646615 0.563889 0.005729 0.011111
6 0.647656 0.572222 0.005729 0.007407
4 0.707812 0.575926 0.034375 0.029630
1 0.807031 0.580093 0.024479 0.043519
4 0.536458 0.583796 0.031250 0.054630
8 0.607031 0.566667 0.013021 0.018519
8 0.547917 0.582407 0.016667 0.040741
6 0.547656 0.610648 0.015104 0.047222
10 0.445573 0.505093 0.007812 0.025000
7 0.379427 0.602778 0.025521 0.105556
6 0.405729 0.643519 0.021875 0.070370
8 0.400521 0.618981 0.023958 0.082407
4 0.623177 0.677778 0.141146 0.205556
4 0.599479 0.570833 0.030208 0.015741
14 0.597656 0.560185 0.009896 0.011111
