4 0.516927 0.525000 0.015104 0.025926
4 0.534635 0.543981 0.033854 0.041667
7 0.494792 0.531944 0.007292 0.047222
10 0.489844 0.483333 0.008854 0.014815
7 0.464323 0.532870 0.010937 0.043519
13 0.657031 0.453704 0.191146 0.466667
7 0.417448 0.532407 0.013021 0.062963
7 0.398958 0.530093 0.011458 0.069444
4 0.319271 0.498148 0.043750 0.027778
4 0.264583 0.488426 0.062500 0.026852
6 0.358854 0.572685 0.047917 0.082407
8 0.363802 0.544907 0.030729 0.095370
7 0.222917 0.511111 0.020833 0.103704
10 0.196354 0.280556 0.051042 0.090741
4 0.802083 0.582870 0.061458 0.071296
7 0.933073 0.575463 0.020313 0.089815
7 0.828646 0.610185 0.032292 0.112963
8 0.968750 0.650000 0.029167 0.157407
8 0.982031 0.658796 0.035937 0.175000
6 0.973958 0.700926 0.052083 0.127778
4 0.208073 0.484722 0.020313 0.026852
