14 0.446875 0.508796 0.059375 0.099074
14 0.484896 0.547222 0.010417 0.029630
1 0.501823 0.541204 0.029687 0.065741
7 0.589323 0.568981 0.016146 0.104630
7 0.623958 0.541667 0.014583 0.053704
7 0.517448 0.592130 0.031771 0.162037
2 0.575521 0.601852 0.026042 0.083333
7 0.625781 0.563426 0.021354 0.062037
6 0.683854 0.650463 0.092708 0.200926
7 0.792188 0.667593 0.050000 0.200000
7 0.878125 0.587037 0.043750 0.151852
7 0.980469 0.590741 0.039062 0.151852
8 0.978646 0.740741 0.042708 0.338889
8 0.993750 0.731019 0.012500 0.163889
6 0.869010 0.931481 0.261979 0.137037
8 0.899740 0.774537 0.198437 0.449074
6 0.536979 0.663889 0.069792 0.170370
8 0.546875 0.631481 0.058333 0.205556
8 0.528125 0.608796 0.055208 0.175000
7 0.447917 0.566667 0.017708 0.092593
7 0.469271 0.562963 0.037500 0.101852
7 0.482031 0.635648 0.013021 0.136111
7 0.470313 0.627315 0.036458 0.210185
7 0.433594 0.585185 0.028646 0.116667
7 0.415365 0.550926 0.016146 0.050000
7 0.413802 0.581019 0.015104 0.112037
8 0.629427 0.679630 0.092188 0.264815
8 0.632031 0.683796 0.092188 0.258333
6 0.633333 0.761574 0.090625 0.241667
7 0.376302 0.550463 0.013021 0.058333
7 0.360677 0.554630 0.019271 0.070370
7 0.326042 0.528704 0.013542 0.027778
6 0.332813 0.545833 0.029167 0.039815
7 0.312500 0.632407 0.037500 0.083333
7 0.303385 0.761574 0.052604 0.145370
7 0.370312 0.733333 0.090625 0.342593
8 0.516146 0.548611 0.015625 0.039815
7 0.532813 0.517593 0.008333 0.016667
7 0.542708 0.541204 0.014583 0.052778
4 0.494792 0.182870 0.171875 0.149074
