4 0.466667 0.547685 0.041667 0.075000
7 0.492708 0.546296 0.016667 0.077778
7 0.443750 0.531481 0.005208 0.018519
13 0.138802 0.553704 0.122396 0.133333
13 0.280208 0.579167 0.166667 0.182407
6 0.432812 0.542130 0.026042 0.023148
6 0.454167 0.577315 0.017708 0.056481
6 0.429427 0.578704 0.030729 0.062963
6 0.420833 0.594444 0.020833 0.068519
7 0.415104 0.546759 0.014583 0.065741
7 0.405729 0.561111 0.014583 0.096296
7 0.383333 0.550000 0.014583 0.066667
8 0.239063 0.549537 0.036458 0.056481
7 0.183594 0.556019 0.018229 0.069444
7 0.167969 0.598148 0.026562 0.148148
7 0.126823 0.559259 0.025521 0.075926
7 0.145313 0.591667 0.017708 0.138889
7 0.250781 0.651389 0.033854 0.076852
7 0.211458 0.656481 0.057292 0.122222
7 0.188542 0.673611 0.063542 0.136111
6 0.056771 0.580093 0.020833 0.058333
8 0.054167 0.546296 0.020833 0.057407
8 0.069271 0.568519 0.017708 0.070370
6 0.011979 0.725463 0.022917 0.093519
6 0.037760 0.771296 0.074479 0.262963
7 0.096354 0.768981 0.084375 0.456481
6 0.368229 0.694444 0.068750 0.203704
8 0.367969 0.635185 0.061979 0.211111
6 0.505729 0.539815 0.014583 0.031481
7 0.514844 0.530556 0.007812 0.037037
7 0.522135 0.531019 0.007812 0.050926
1 0.562500 0.525926 0.014583 0.038889
6 0.530469 0.559722 0.016146 0.047222
8 0.530469 0.535185 0.017188 0.053704
7 0.582292 0.535648 0.015625 0.063889
7 0.596094 0.569907 0.023438 0.126852
14 0.602344 0.530093 0.028646 0.037963
7 0.560156 0.584722 0.045312 0.150926
7 0.619271 0.541204 0.008333 0.050926
1 0.660677 0.541204 0.031771 0.047222
7 0.632031 0.573148 0.022396 0.137037
7 0.640885 0.580556 0.033854 0.153704
13 0.715104 0.534259 0.084375 0.150000
7 0.689323 0.594907 0.020313 0.123148
7 0.714583 0.612500 0.050000 0.215741
7 0.674740 0.644907 0.059896 0.212037
7 0.783073 0.556481 0.028646 0.088889
7 0.800521 0.565741 0.031250 0.094444
7 0.902604 0.638426 0.056250 0.234259
8 0.551823 0.520833 0.005729 0.013889
14 0.544792 0.529167 0.006250 0.025000
7 0.669531 0.542593 0.013021 0.064815
7 0.450521 0.565741 0.020833 0.090741
