14 0.535677 0.505556 0.007812 0.012963
4 0.549479 0.509722 0.014583 0.023148
6 0.535417 0.512500 0.006250 0.015741
8 0.535677 0.507407 0.005729 0.020370
6 0.542969 0.521296 0.007812 0.027778
8 0.543229 0.511574 0.008333 0.030556
7 0.554167 0.512500 0.006250 0.026852
7 0.558854 0.510185 0.006250 0.025926
1 0.578646 0.542593 0.040625 0.096296
13 0.738542 0.605556 0.294792 0.594444
13 0.847135 0.543519 0.088021 0.209259
7 0.960156 0.634722 0.049479 0.130556
6 0.988802 0.614352 0.022396 0.173148
6 0.530208 0.514815 0.006250 0.018519
8 0.529948 0.508333 0.006771 0.020370
13 0.518490 0.508333 0.008854 0.018519
6 0.517188 0.516667 0.007292 0.018519
8 0.516927 0.510185 0.007812 0.022222
7 0.511458 0.514815 0.006250 0.033333
7 0.504427 0.504630 0.005729 0.018519
7 0.507552 0.505556 0.003646 0.011111
7 0.501823 0.508333 0.004687 0.012963
7 0.496875 0.509259 0.004167 0.016667
7 0.493229 0.509722 0.007292 0.023148
14 0.479687 0.505556 0.011458 0.016667
8 0.492708 0.516204 0.007292 0.034259
6 0.494271 0.524074 0.009375 0.020370
6 0.502865 0.537963 0.016146 0.044444
8 0.504427 0.525000 0.015104 0.046296
8 0.486458 0.522685 0.009375 0.039815
6 0.485156 0.528704 0.010937 0.031481
7 0.472135 0.518981 0.005729 0.023148
7 0.477344 0.551389 0.020313 0.100926
7 0.424219 0.520833 0.013021 0.041667
7 0.467448 0.565278 0.019271 0.100926
7 0.426823 0.546759 0.017188 0.030556
7 0.414583 0.542130 0.015625 0.036111
7 0.411198 0.556019 0.014063 0.030556
7 0.401042 0.539815 0.015625 0.066667
7 0.390365 0.547685 0.020313 0.071296
7 0.374740 0.556944 0.016146 0.050926
7 0.349219 0.580556 0.014063 0.033333
7 0.302344 0.581019 0.013021 0.047222
7 0.446615 0.628704 0.047396 0.246296
7 0.410156 0.660185 0.046354 0.200000
6 0.345573 0.659722 0.118229 0.175000
8 0.350000 0.635185 0.048958 0.216667
13 0.283073 0.537037 0.066146 0.100000
7 0.267448 0.666204 0.043229 0.269444
7 0.221615 0.604167 0.032813 0.162037
7 0.194010 0.594907 0.042188 0.117593
7 0.142187 0.630556 0.055208 0.244444
7 0.076042 0.727778 0.077083 0.414815
7 0.031510 0.761574 0.061979 0.430556
6 0.184635 0.740278 0.158854 0.273148
8 0.191406 0.682870 0.060937 0.278704
13 0.125781 0.478704 0.166146 0.148148
13 0.016927 0.444907 0.032813 0.195370
