1 0.496875 0.509722 0.006250 0.008333
4 0.499479 0.515278 0.007292 0.012037
6 0.501823 0.519907 0.004687 0.013889
8 0.502083 0.512963 0.004167 0.009259
14 0.511719 0.509259 0.014063 0.020370
13 0.529427 0.492593 0.026562 0.033333
7 0.504687 0.518056 0.003125 0.017593
13 0.547656 0.499074 0.008854 0.014815
14 0.554427 0.502315 0.008854 0.013889
4 0.548438 0.525000 0.020833 0.035185
8 0.533594 0.507870 0.004687 0.008333
4 0.537240 0.520370 0.017188 0.024074
8 0.537500 0.526852 0.018750 0.025926
8 0.569531 0.513426 0.006771 0.017593
8 0.566146 0.518981 0.010417 0.021296
7 0.580469 0.516204 0.008854 0.028704
6 0.567708 0.534722 0.009375 0.025000
8 0.574219 0.546296 0.009896 0.051852
8 0.578906 0.542593 0.010937 0.042593
6 0.580469 0.572222 0.011979 0.044444
6 0.595573 0.583796 0.025521 0.075000
8 0.596615 0.554167 0.017188 0.076852
8 0.592187 0.550000 0.023958 0.066667
7 0.492708 0.520370 0.007292 0.024074
4 0.502604 0.606944 0.123958 0.147222
8 0.560417 0.586574 0.034375 0.130556
8 0.549740 0.699074 0.105729 0.324074
8 0.540365 0.703704 0.086979 0.281481
7 0.416406 0.520833 0.005729 0.047222
6 0.369271 0.668056 0.055208 0.119444
8 0.376563 0.594444 0.058333 0.157407
1 0.384375 0.515278 0.017708 0.036111
7 0.251042 0.557407 0.026042 0.140741
4 0.200000 0.528241 0.070833 0.091667
4 0.162760 0.534722 0.055729 0.087963
7 0.067969 0.556019 0.033854 0.076852
7 0.008333 0.557870 0.015625 0.073148
6 0.052083 0.601852 0.103125 0.172222
7 0.406250 0.614815 0.026042 0.051852
3 0.623698 0.512963 0.055729 0.077778
8 0.627604 0.530556 0.012500 0.037037
4 0.640885 0.538889 0.020313 0.048148
6 0.627604 0.543056 0.009375 0.030556
4 0.775260 0.700463 0.335938 0.408333
13 0.724740 0.455556 0.118229 0.098148
13 0.912500 0.577315 0.175000 0.256481
6 0.536458 0.784259 0.082292 0.262963
8 0.437240 0.547222 0.028646 0.046296
8 0.456510 0.600000 0.031771 0.075926
8 0.424740 0.616667 0.052604 0.055556
8 0.426823 0.758796 0.160938 0.417593
6 0.430729 0.924537 0.101042 0.147222
10 0.431510 0.444444 0.014063 0.027778
8 0.030208 0.582870 0.032292 0.225000
4 0.936458 0.938426 0.127083 0.123148
6 0.295833 0.528241 0.007292 0.023148
6 0.306771 0.529630 0.008333 0.022222
4 0.370312 0.528704 0.041667 0.053704
7 0.371875 0.509259 0.008333 0.024074
14 0.517969 0.519907 0.025521 0.030556
10 0.657292 0.467130 0.014583 0.028704
7 0.808333 0.491204 0.020833 0.021296
