14 0.557292 0.563889 0.011458 0.012963
14 0.548177 0.563426 0.010937 0.012037
14 0.536979 0.565741 0.007292 0.012963
14 0.527604 0.567130 0.007292 0.010185
8 0.540104 0.565278 0.007292 0.015741
6 0.540365 0.577315 0.004687 0.012037
8 0.542708 0.566667 0.006250 0.016667
6 0.542969 0.580093 0.006771 0.012037
14 0.519792 0.572222 0.012500 0.027778
6 0.523438 0.577778 0.007292 0.014815
8 0.521875 0.566667 0.008333 0.020370
6 0.516927 0.578704 0.007812 0.016667
6 0.533333 0.590278 0.009375 0.019444
8 0.533854 0.570833 0.008333 0.025000
4 0.555990 0.568519 0.015104 0.011111
7 0.578385 0.556944 0.007812 0.015741
7 0.603646 0.555556 0.007292 0.014815
7 0.596094 0.557407 0.007812 0.025926
7 0.589323 0.559722 0.008854 0.019444
7 0.705469 0.567130 0.011979 0.065741
7 0.698438 0.567593 0.019792 0.057407
7 0.784115 0.577778 0.014063 0.061111
7 0.762500 0.580093 0.016667 0.049074
7 0.848177 0.575926 0.034896 0.103704
7 0.825521 0.579167 0.032292 0.086111
7 0.881771 0.576852 0.034375 0.072222
4 0.626563 0.621296 0.075000 0.138889
4 0.675781 0.681944 0.143229 0.186111
4 0.853385 0.793981 0.291146 0.412037
6 0.542969 0.637037 0.022396 0.062963
8 0.542708 0.590278 0.018750 0.052778
6 0.550781 0.714352 0.024479 0.071296
8 0.549740 0.655093 0.031771 0.173148
6 0.576562 0.736111 0.066667 0.209259
8 0.574219 0.667593 0.061979 0.211111
4 0.500260 0.564815 0.010937 0.020370
4 0.476823 0.565741 0.044271 0.035185
4 0.472135 0.573148 0.048438 0.037037
4 0.422396 0.618056 0.083333 0.136111
4 0.416406 0.645833 0.029687 0.125000
4 0.351042 0.651389 0.154167 0.202778
4 0.309375 0.691204 0.050000 0.180556
7 0.049479 0.613889 0.034375 0.087037
6 0.516927 0.598611 0.004687 0.006481
8 0.499740 0.585185 0.023438 0.044444
6 0.509115 0.668519 0.034896 0.129630
8 0.509375 0.632407 0.039583 0.135185
6 0.485417 0.716667 0.053125 0.190741
8 0.491146 0.630556 0.042708 0.107407
8 0.481250 0.663426 0.053125 0.197222
4 0.185938 0.747685 0.280208 0.378704
4 0.070052 0.818981 0.139063 0.362037
7 0.655990 0.553241 0.010937 0.019444
7 0.984115 0.602315 0.031771 0.052778
