1 0.531510 0.525926 0.016146 0.027778
8 0.545052 0.522222 0.004687 0.016667
6 0.544271 0.533796 0.004167 0.013889
7 0.538542 0.536111 0.007292 0.040741
7 0.564844 0.537037 0.006771 0.051852
8 0.581771 0.530556 0.007292 0.027778
6 0.578385 0.556481 0.014063 0.031481
7 0.598437 0.564815 0.013542 0.085185
7 0.585156 0.552778 0.011979 0.064815
7 0.633854 0.564815 0.029167 0.088889
7 0.712500 0.564815 0.029167 0.055556
7 0.679688 0.563889 0.023958 0.072222
6 0.669010 0.639815 0.048438 0.096296
7 0.763281 0.606481 0.029687 0.153704
7 0.634115 0.568981 0.031771 0.097222
7 0.813542 0.618056 0.020833 0.099074
8 0.805729 0.691204 0.072917 0.273148
6 0.806510 0.766667 0.120313 0.287037
6 0.625781 0.641204 0.077604 0.121296
8 0.623958 0.609722 0.047917 0.165741
6 0.554688 0.551852 0.017708 0.040741
8 0.553646 0.537500 0.013542 0.041667
7 0.512240 0.517130 0.004687 0.036111
13 0.504427 0.536111 0.032813 0.094444
7 0.503385 0.527315 0.011979 0.037963
7 0.512240 0.518056 0.006771 0.045370
7 0.514844 0.531944 0.008854 0.028704
7 0.480990 0.531019 0.005729 0.032407
7 0.477604 0.524074 0.005208 0.022222
7 0.479948 0.544907 0.005729 0.045370
7 0.472917 0.551389 0.008333 0.058333
7 0.461979 0.556019 0.007292 0.065741
7 0.455729 0.561574 0.009375 0.067593
7 0.448437 0.534722 0.009375 0.021296
7 0.448177 0.540741 0.007812 0.024074
7 0.455990 0.561111 0.007812 0.064815
7 0.426042 0.569907 0.011458 0.037963
7 0.441146 0.587963 0.023958 0.124074
7 0.315885 0.579167 0.025521 0.062037
14 0.368490 0.626852 0.053646 0.077778
6 0.247135 0.732870 0.094271 0.291667
8 0.501042 0.556481 0.018750 0.053704
6 0.502604 0.576389 0.016667 0.047222
7 0.663021 0.574537 0.010417 0.052778
